31043.39
26124.74
24460.97
17414.9
31023.18
5454.75
23713.67
43097.27
25175.97
19841.59
22379.86
16433.74
29582.32
3040.71
40537.92
17246.69
31222.82
3133.51
17816.11
13169.48
1404.2
13297.31
28396.76
18412.03
17052.26
22738.79
13834.61
47259.55
7980.92
10158.39
16178.15
17107.36
6429.14
25100.67
14898.51
14360.16
17957.21
29382.85
16078.02
37684.8
24013.85
27361.15
5389.1
37358.24
9385.57
24234.96
27640.84
17799.42
5298.53
14537.91
5718.04
11070.84
18068.47
36299.54
21864.52
12129.19
21506.72
1193.04
3705.29
19991.19
15258.47
15983.37
23139.84
28158.4
18940.78
28839.01
12272.22
27094.97
14665.03
22167.59
10868.9
20548.04
23221.06
20974.11
2214.56
26721.79
14233.39
21593.02
20777.77
21566.75
8159.08
29316.09
38440.72
24559.93
16404.53
1563.01
18899.06
19229.83
21432.17
14199.47
2898.29
6985.07
6703.78
16398.99
28470.64
5268.3
25149.88
14702.17
36031.05
9768.74
21361.87
5395.66
16100.42
14967.31
9876.58
1485.01
32155.6
16312.75
17659.61
2766.33
37783.6
12177.32
39228.57
12805.09
24050.5
6071.27
11172.1
27112.29
24961.68
7126.25
17819.53
27566.18
16270.58
31839.06
22003.69
14040.14
19412.79
8856.57
12002.78
9262.26
14389.8
1816.41
36283.29
20637.98
1675.22
34520.88
18991.84
26059.4
20711.54
3469.37
34368.44
12320.82
20794.99
26210.76
5796.22
17408.24
4407.07
1053.44
41966.59
12362.95
32443.38
1853.3
6621.11
29797.58
19286.52
29312.57
41335.84
11705.7
22334.46
11350.45
17291.46
21013.86
6705.16
24916.68
12974.71
21560.1
16288.73
28211.28
26506.55
20081.48
15330.07
22716.03
30984.55
8497.49
19991.99
12286.42
14666.2
1545.72
12926.23
2191.49
15988.05
2225.81
13949.92
25764.13
24077.05
23383.78
38348.23
17172.15
17997.95
30300.22
38928.16
23236.96
2953.26
5745.59
27867.27
7773.96
24388.95
7366.08
17351.01
8688.78
21558.44
18648.19
7082.65
16672.47
13459.06
10770.99
15425.12
12087.17
22288.87
43560.72
13186.76
978.49
12537.65
14491.75
5452.03
36269.92
11764.32
24141.93
27953.11
15528.46
31394.48
19963.27
21056.73
9318.29
28356.2
29852.72
26415.49
23711.96
11091.65
35679.43
32317.09
21697.01
17213.58
23660.82
34187.83
13704.98
3843.16
32408.18
12390.15
23154.76
17030.62
6153.33
30290.37
16315.98
22610.04
24739.71
3949.97
10554.88
47060.39
14452.08
8380.71
16341.51
20380.58
13465.31
28582.39
21144.3
33704.21
10334.99
23890.51
32541.42
16265.39
12052.35
31569.47
3406.8
15328.9
20264.12
18500.65
16932.88
3843.54
9666.69
20541.02
39582.24
6925.27
5638.65
13407.1
21517.51
9274.89
22464.33
13552.72
33957.81
1777.73
14109.73
12956.39
21493.34
1918.13
11680.06
27140.3
9015.19
6038.8
17136.04
9084.89
5740.75
45821.44
36429.78
24710.84
40520.32
10051.55
1824.39
25500.87
4727.35
12575.98
13742.01
17682.45
30537.94
29093.26
14155.98
14030.97
4338.34
11922.85
24625.85
27286.33
2330.73
13558.57
33500.08
22239.32
25564.37
5877.55
44717.16
4189.25
12580.96
16887.76
9454.41
23482.58
34392.65
9858.77
13873.4
15229.47
30832.61
17026.71
27169.0
11690.67
1377.27
44386.01
2338.72
8320.36
13694.12
21253.28
10742.17
27818.4
40149.38
15610.25
20803.49
19929.5
25158.05
10983.84
12891.47
16367.5
1275.36
6536.78
35756.57
2576.95
23716.6
20679.44
14788.29
30827.65
9999.84
40274.43
14850.65
22566.61
25891.6
22001.59
22182.41
10627.38
12803.65
20620.85
18552.06
29659.1
22808.21
2827.62
8914.16
5267.13
10454.56
5102.58
21783.95
6636.51
13471.62
31897.96
1546.03
18801.18
46746.92
12688.74
11576.99
36108.51
22727.06
20325.75
8016.91
35214.53
5305.85
23089.99
3498.46
16467.9
13894.32
18173.11
12371.98
17417.21
11875.16
15366.52
21397.06
30630.62
23702.2
6626.81
7253.65
36670.95
34143.48
16221.1
26557.64
24601.23
22871.01
19323.56
35732.75
20465.49
18949.46
33252.73
29628.34
11455.1
43603.19
5241.5
14215.44
12646.41
15027.06
12121.8
10680.83
16899.5
31046.61
21727.03
8659.4
42396.89
33462.12
22406.81
16046.03
2481.96
12059.03
29985.54
14785.73
11606.62
16688.54
20238.71
12256.36
6916.71
33107.98
45086.79
38422.14
18942.58
10736.31
13760.77
5329.19
7501.96
21348.45
8763.09
43960.26
26232.3
18979.96
15152.4
35356.75
23686.77
22866.42
21705.53
9411.74
24476.3
6059.56
12534.79
8822.6
4900.63
8392.23
25725.29
7660.22
17127.84
26735.91
10394.06
8914.17
45522.97
11374.58
1225.7
16545.19
26111.24
10617.0
12427.83
15387.89
21922.72
16642.56
23574.53
21947.85
11182.69
18202.25
22020.16
5930.23
35362.41
11583.42
21012.81
23293.72
11846.14
21039.72
14223.32
21242.0
17367.32
9426.57
20150.2
1803.52
24589.87
19351.0
29658.77
699.11
17487.92
26386.8
6107.19
552.55
19499.09
23892.78
21903.92
23669.52
25768.6
21412.73
2583.76
40877.87
3985.64
21278.19
3825.3
3467.33
27240.45
11088.85
22881.2
32770.08
8747.25
44607.69
33144.2
15949.55
40971.78
22665.6
14087.92
32903.3
15035.25
13367.66
34165.06
34143.59
7958.26
12426.4
1916.17
34699.64
20645.08
21252.36
25497.63
14995.7
21039.69
10621.36
24980.25
37006.08
33078.64
31007.87
12635.39
12864.98
13123.8
22266.51
12065.03
6485.0
16526.8
35726.83
19197.08
31790.53
4324.44
15470.99
39834.5
19626.83
21374.54
17286.27
24469.96
21057.37
7167.47
13085.61
19156.73
30195.0
13961.44
5094.5
12270.39
7669.67
23866.31
11196.64
20406.92
11642.05
9938.71
16083.7
16892.61
30070.19
21654.63
19374.78
13779.59
19055.14
1828.77
11929.94
18596.7
27154.78
24890.76
29536.15
25001.55
15921.48
29610.8
25313.66
23258.22
34131.61
11306.58
9482.34
40835.72
11130.77
5700.62
14440.78
10353.06
6028.71
20848.46
6913.44
17227.86
14906.15
16665.41
25167.16
6755.77
27026.54
2288.56
30822.57
10522.85
17391.27
36913.34
13980.11
7830.99
18619.06
2847.84
22403.86
25982.89
7079.8
24679.78
1600.45
3381.69
9774.6
3897.45
42591.72
9714.72
14770.75
4261.33
10123.95
39363.75
20988.69
21554.58
34099.23
17982.2
23936.47
15026.94
13986.52
5506.03
21503.88
10586.17
32646.66
32556.6
13114.42
15485.4
31734.4
18245.26
16180.14
15404.6
11827.5
4885.9
15005.71
10860.19
13438.14
6756.36
19637.24
7692.18
10313.41
11809.18
36073.38
10897.81
5461.12
14055.81
41631.61
15644.35
30080.74
15489.09
16826.74
9842.11
17479.1
33351.79
29913.9
15808.08
14987.4
9772.21
19590.55
12799.21
31361.53
5162.34
17878.13
2339.25
27565.15
11609.64
18043.77
7866.39
13849.57
19718.63
1483.21
18516.05
14548.95
25358.18
21875.28
7765.01
24786.39
8001.96
13712.2
11250.18
12643.68
12107.46
35975.67
8860.05
20078.8
19035.4
17486.38
21290.89
33443.22
24436.7
8182.76
10156.52
26497.05
10849.88
45892.91
30899.44
5558.18
16820.51
13402.01
17072.28
14060.14
8108.78
16569.96
14823.48
1500.42
16635.65
10875.52
14923.11
8553.14
28879.95
26258.58
10109.95
33710.49
4920.99
12677.72
35275.77
22318.51
32575.4
5207.03
45682.14
3838.44
12574.74
24066.62
5384.94
28353.7
3327.04
46743.04
5241.21
14654.65
14837.19
3179.4
29812.54
33613.8
14209.65
11401.84
9961.22
13312.66
11390.93
6405.01
13729.76
6728.87
17824.74
47625.11
18894.23
24643.65
14720.43
38677.41
40446.63
19806.3
13176.59
17825.68
36157.79
7649.65
19248.97
21519.79
17739.93
3650.63
27371.84
29559.58
11501.61
7592.39
1929.32
37215.93
9517.67
2445.6
26678.02
8850.95
14127.27
26212.54
29381.07
29564.6
42295.58
6702.46
12230.22
21072.77
22278.44
3751.77
19954.89
22623.21
14046.53
29322.66
36647.07
24046.55
713.14
16271.36
19849.77
11703.6
14806.06
27135.72
13048.78
3096.56
23096.67
32036.74
9404.28
21025.48
30203.28
19019.17
18456.18
34189.63
18257.19
26054.52
8089.48
6782.68
11025.06
9305.09
32344.85
15368.75
15562.45
24184.97
21229.34
12613.52
4215.74
12537.83
21756.61
16688.81
7544.89
18441.37
42266.81
27149.21
8572.64
14422.06
26379.99
15075.23
16358.12
9923.2
9933.85
26117.51
2104.32
27465.59
13385.04
9637.22
22353.23
37333.47
14265.95
17433.65
6775.76
26810.85
15911.52
3369.43
44234.76
29111.52
12914.72
49574.81
29486.39
20868.58
21595.4
17453.85
4546.74
6039.37
43723.91
4603.34
21053.77
6807.42
13398.61
46705.24
17585.64
1769.18
8147.73
22378.05
3894.05
30230.35
15256.11
8301.35
17298.55
28861.91
12697.98
42689.16
23732.2
1826.36
10956.28
22718.8
11543.73
8039.17
21100.86
18141.93
4810.56
25195.47
16737.49
13980.5
18418.67
15286.25
30497.31
14922.79
25444.02
15815.19
17437.15
10919.17
20003.94
26297.74
29517.13
34971.23
42741.92
17658.26
20101.58
11866.88
20688.1
36936.98
18309.83
7403.45
6806.63
14585.92
9233.86
24032.57
21597.43
11773.74
9767.28
14605.23
19149.09
10531.06
8045.74
11167.13
2751.26
26676.23
24968.06
4964.53
10261.77
35260.92
14001.18
29343.65
10103.95
23686.98
24454.31
20741.99
16369.52
3691.72
7601.06
13913.14
35857.17
4354.52
35315.16
1942.44
15241.57
639.89
20686.99
17502.59
30606.36
13264.71
31216.16
14986.88
21256.45
14567.26
7681.16
17237.17
8999.59
14064.97
17946.17
14203.18
17747.42
5215.25
4879.05
31649.85
7063.1
25324.79
16974.35
33281.36
6829.25
35516.97
49502.64
11569.64
21025.96
21960.28
7245.62
14203.51
5959.76
13694.57
25272.64
16152.01
17000.67
31352.84
22352.49
11479.69
12528.16
29387.72
26577.5
11351.97
12065.75
11481.52
