230.51
105.88
71.81
78.58
251.33
62.64
125.08
300.44
165.56
96.64
107.74
128.71
243.25
34.48
259.01
97.48
111.37
48.55
161.25
87.41
35.29
75.6
242.26
65.51
84.16
136.9
87.49
299.33
73.74
67.17
90.12
96.26
46.76
94.06
78.4
55.78
102.58
208.92
106.8
201.84
132.49
128.69
51.61
273.97
80.05
95.61
227.8
104.35
58.43
71.05
91.76
91.74
107.99
203.59
104.97
90.84
132.34
14.58
59.44
86.71
86.59
98.57
210.9
220.09
109.65
125.95
70.36
132.84
115.09
101.39
72.99
97.78
111.61
104.44
18.51
153.38
53.33
121.39
76.59
97.27
58.79
146.45
252.96
188.53
49.12
18.59
191.26
86.46
112.23
89.51
58.95
31.52
69.69
115.48
168.95
105.44
144.72
113.98
250.9
54.3
101.64
18.96
119.41
85.19
53.35
31.12
252.48
94.21
43.61
35.46
220.88
73.03
244.65
80.38
185.67
78.23
57.13
210.57
88.78
56.52
77.61
223.76
67.98
202.33
132.65
60.12
225.31
36.91
41.14
54.25
65.68
20.2
238.55
104.45
22.6
222.22
87.85
209.52
109.73
67.12
249.91
89.71
104.35
116.48
59.57
77.59
58.69
26.08
252.65
75.67
231.03
33.75
50.9
224.94
126.34
226.36
236.11
73.01
125.38
87.59
75.64
131.82
45.58
195.68
129.69
129.99
77.89
218.7
212.45
53.88
81.97
191.27
230.07
41.52
68.26
69.56
60.27
21.02
106.28
36.41
110.88
44.64
89.82
124.76
158.95
128.78
286.16
79.79
138.16
170.3
233.11
103.54
42.41
80.0
150.07
34.34
113.45
60.32
158.1
60.74
101.6
145.37
75.23
107.96
100.44
34.49
56.51
71.81
117.23
254.79
68.21
24.72
82.86
82.04
55.16
245.8
57.06
123.84
148.2
91.91
169.42
124.85
98.62
63.13
116.39
245.01
180.38
122.77
70.68
223.65
265.98
192.64
69.7
214.32
228.0
99.32
64.97
200.94
46.82
110.77
118.48
57.2
222.67
127.9
139.53
197.48
42.96
61.3
303.77
63.6
63.95
83.08
116.96
53.73
84.96
131.11
237.62
75.97
112.47
219.81
96.27
55.79
209.21
30.37
55.99
117.59
85.9
157.69
25.4
44.69
128.84
262.6
49.74
27.93
65.66
78.17
40.0
99.51
101.53
262.79
19.3
175.72
92.96
120.0
17.37
102.66
112.08
110.87
31.85
121.71
79.28
54.28
298.36
247.72
182.24
277.84
67.34
20.93
81.65
70.83
101.42
114.03
106.99
239.73
246.55
93.31
85.33
54.98
87.59
215.07
172.66
62.4
76.45
199.82
121.48
115.77
50.19
306.25
37.4
87.71
81.51
52.97
211.54
218.84
37.77
84.85
141.76
229.18
85.84
127.45
64.07
19.62
281.29
47.28
50.32
45.17
181.68
75.92
151.37
240.78
94.54
101.97
86.61
74.83
119.88
50.2
189.68
29.6
79.55
210.38
34.77
83.74
212.19
53.2
186.7
57.4
265.58
105.6
129.52
221.21
115.22
97.32
76.94
157.4
184.8
102.61
200.97
178.77
32.77
65.75
60.74
94.54
60.0
95.05
40.54
54.58
188.83
33.24
101.1
296.21
47.54
146.64
226.91
165.86
101.12
79.46
244.76
65.34
101.7
40.51
80.2
87.47
100.07
98.18
120.47
56.62
119.78
145.71
206.43
218.93
45.72
70.89
249.12
221.63
143.33
161.51
107.46
117.52
164.77
272.37
91.2
79.76
201.93
224.55
68.23
285.67
54.46
68.78
59.13
86.97
78.8
52.0
75.88
245.33
99.35
57.88
284.69
218.05
124.71
64.06
34.83
66.42
194.62
91.91
63.35
82.2
167.64
96.17
74.73
273.68
296.31
249.68
118.65
46.53
102.26
32.37
71.16
115.59
119.61
255.92
192.33
84.94
82.66
276.72
184.79
122.58
115.63
50.97
135.06
43.34
86.75
43.78
37.38
71.47
127.3
73.4
171.9
176.43
119.84
63.13
258.86
61.08
33.36
75.91
119.84
77.82
103.86
61.29
69.41
75.17
102.72
109.92
116.04
141.52
157.63
59.67
272.53
57.72
94.54
216.57
92.07
96.83
71.2
180.36
56.41
44.16
60.99
27.09
100.66
99.78
207.66
16.61
92.94
203.72
84.81
15.13
164.58
115.28
102.54
90.31
150.65
170.55
42.63
276.37
30.7
98.79
68.01
48.84
211.6
59.2
92.38
142.8
100.64
286.97
248.89
90.77
266.21
199.22
129.98
229.2
189.25
99.86
191.34
230.26
54.76
98.68
45.02
223.71
89.18
122.61
93.49
107.05
110.78
159.22
242.25
286.03
223.25
232.48
78.85
91.56
63.04
158.9
58.02
37.18
165.79
257.1
86.82
251.55
49.44
70.14
247.69
154.51
98.64
72.63
197.73
121.07
118.01
81.34
87.3
247.59
88.95
45.93
79.24
41.88
140.85
133.16
127.21
56.89
116.71
103.91
77.63
204.4
225.32
89.08
94.24
103.28
36.61
83.83
117.78
211.93
139.38
212.42
181.53
90.57
204.37
181.93
73.96
284.95
161.59
71.67
244.65
56.39
49.26
104.78
92.03
63.33
179.77
88.24
88.66
73.32
122.66
118.06
56.82
217.51
42.0
220.64
47.32
77.91
266.12
71.63
93.48
137.85
47.95
91.04
108.23
72.57
161.48
35.92
59.03
86.38
41.14
289.49
57.69
142.93
65.14
99.6
272.72
79.7
90.8
231.3
53.79
129.17
127.88
102.75
47.76
90.81
86.46
208.33
146.48
72.43
86.06
240.02
57.36
82.39
114.24
89.41
89.03
110.94
43.3
99.12
40.19
162.16
74.54
137.87
123.16
279.93
47.36
66.26
88.24
247.11
69.61
193.03
101.59
94.08
112.31
125.83
280.41
214.84
57.62
48.01
56.7
76.75
104.68
112.69
63.54
68.72
20.55
227.07
57.74
64.4
62.53
57.24
158.97
13.99
166.13
71.95
111.65
103.2
123.55
73.16
45.04
117.14
69.03
116.98
62.36
240.2
89.22
130.05
69.01
76.46
125.13
122.17
117.82
48.32
52.29
81.22
73.2
285.24
185.32
73.89
128.69
65.91
149.49
80.68
91.59
135.53
74.96
30.66
47.68
59.16
62.92
41.62
215.12
177.58
96.03
163.44
50.42
50.17
206.97
138.61
197.61
69.73
259.67
33.64
84.37
86.18
50.32
273.47
54.14
274.21
57.26
170.22
110.09
44.35
109.33
205.08
73.56
128.52
74.53
81.2
43.49
46.53
63.26
85.16
86.88
294.79
136.8
130.33
100.22
264.89
242.68
77.08
68.66
97.51
258.35
26.85
122.73
110.99
136.6
34.77
200.0
223.71
161.62
42.65
33.28
239.38
89.53
61.23
166.5
37.31
74.16
185.1
184.78
196.88
260.52
88.35
149.13
185.84
116.64
35.79
138.62
111.23
91.77
102.77
219.14
203.16
12.18
123.0
94.4
51.12
72.67
225.36
105.13
27.36
85.87
245.04
52.92
188.1
240.54
103.65
74.72
229.12
72.62
132.62
114.36
85.29
63.11
68.98
202.66
92.37
98.98
177.61
98.51
101.6
59.08
189.51
155.24
106.03
68.12
76.2
290.6
129.55
30.72
99.72
244.17
117.93
83.07
57.94
64.05
213.2
46.92
141.96
62.55
67.03
198.01
238.01
97.85
110.52
67.03
207.4
88.01
42.09
251.61
235.16
45.03
309.04
212.75
117.46
94.1
176.96
14.98
47.5
301.09
40.33
213.14
92.19
55.99
250.22
95.32
21.48
32.23
151.44
36.9
247.23
77.1
43.88
103.33
201.23
97.22
294.26
188.17
33.73
69.39
152.38
69.63
58.63
83.6
65.7
62.89
134.61
92.86
78.56
176.91
202.84
94.4
57.91
167.0
84.52
53.28
75.62
112.33
139.74
232.35
274.22
276.7
166.67
135.25
120.16
108.48
269.14
78.92
44.51
42.24
76.98
41.74
85.99
201.24
98.93
92.8
81.51
83.81
85.48
56.54
84.11
37.61
99.6
185.56
19.66
99.39
261.0
68.26
213.56
34.7
80.11
79.67
87.34
148.08
30.46
39.75
45.62
213.81
57.47
215.46
24.59
83.47
20.35
98.76
170.79
148.4
39.76
185.45
88.27
99.23
54.47
50.96
127.71
60.85
116.09
99.8
67.87
105.33
31.62
71.11
149.77
46.08
127.06
195.59
244.54
51.57
188.52
295.81
97.79
88.9
124.99
110.96
116.9
51.39
141.82
140.31
114.72
199.63
233.67
160.18
36.09
64.14
229.79
210.08
62.54
163.5
113.9
