42.29
109.42
60.88
104.4
125.52
85.14
93.6
76.23
32.75
62.77
79.5
168.13
199.97
62.79
26.5
119.37
133.72
93.49
33.95
273.79
197.8
91.93
238.91
61.27
246.18
209.17
45.21
145.13
77.05
82.13
234.15
151.62
103.55
105.14
132.02
210.5
69.28
237.95
52.18
68.34
75.44
222.25
170.19
99.27
76.35
96.24
83.74
127.7
244.26
116.42
270.08
264.43
80.95
163.3
187.35
82.89
68.62
36.46
142.51
110.34
64.72
212.35
64.3
133.97
83.12
146.5
125.35
166.21
141.62
218.59
47.62
48.66
126.49
105.21
95.24
60.6
263.1
148.49
218.37
98.33
35.47
77.76
96.57
294.97
88.07
82.54
121.4
61.52
138.61
111.12
119.84
91.79
189.8
232.58
255.92
139.99
55.22
151.8
136.89
243.93
150.91
188.01
114.47
51.0
174.23
88.12
23.8
77.84
107.85
35.05
27.43
83.72
108.1
61.13
60.4
147.85
154.14
130.66
233.68
82.2
167.09
71.54
33.35
99.2
106.5
123.28
214.47
49.42
204.76
69.89
72.4
72.52
91.15
84.2
211.74
72.16
24.28
82.64
64.74
219.25
266.59
30.01
44.4
63.36
55.48
290.68
97.23
44.58
87.15
71.74
60.02
281.79
104.87
216.15
281.65
50.79
77.08
77.26
54.48
168.0
100.03
132.95
91.48
35.73
61.85
152.14
92.64
103.76
236.07
125.57
280.15
46.4
99.1
77.42
88.93
125.1
84.54
126.49
251.58
109.23
125.79
276.02
42.08
124.12
29.6
235.29
43.82
84.55
60.72
229.12
112.82
195.85
240.5
75.71
53.04
292.03
101.01
73.76
72.83
65.2
138.86
89.55
68.12
49.71
68.33
52.37
207.53
113.91
226.13
224.27
210.18
189.44
75.01
250.26
164.28
233.41
76.25
64.61
80.69
184.46
219.17
75.72
75.77
88.01
175.15
51.62
110.85
80.19
54.84
209.62
42.46
57.65
87.92
64.58
122.55
74.08
71.41
144.15
134.45
20.47
59.86
207.87
196.94
71.94
185.59
194.2
121.63
85.37
17.32
76.73
17.32
282.53
128.86
59.08
121.16
59.45
219.63
111.96
79.91
288.65
80.9
209.75
45.71
101.55
71.31
216.41
164.38
93.08
34.75
208.31
59.06
153.89
171.76
82.82
315.23
84.37
77.21
64.78
83.84
235.55
77.04
55.52
53.33
63.19
307.07
84.74
235.61
241.76
51.91
200.32
100.3
91.39
65.76
88.24
173.04
193.6
68.63
229.62
66.48
55.98
122.24
46.84
280.58
76.64
141.1
192.42
127.74
167.95
254.58
95.48
103.07
104.3
217.31
83.74
58.47
163.12
82.16
201.64
88.54
49.09
86.63
72.29
68.18
70.93
307.15
72.52
80.81
112.25
288.37
59.81
261.78
336.04
123.97
76.24
120.32
105.49
16.47
138.9
39.39
105.37
68.77
114.15
97.71
150.04
307.26
163.41
240.73
136.59
65.78
132.29
58.47
170.43
47.79
50.17
129.0
92.76
56.6
93.86
87.7
97.78
270.45
175.53
167.84
85.19
139.48
134.69
121.57
85.36
79.91
126.67
98.53
218.78
67.24
79.64
38.92
160.45
179.89
92.98
108.93
55.58
226.98
39.09
80.35
81.42
47.72
117.44
55.07
112.6
134.35
182.17
104.69
92.09
99.47
129.74
260.64
269.6
46.87
118.98
72.57
151.98
120.77
196.95
105.5
111.21
152.14
214.84
61.49
92.49
109.59
216.48
109.68
122.62
81.59
43.12
45.02
198.89
159.47
61.96
117.24
69.95
106.01
281.44
35.21
55.19
85.94
325.56
85.78
59.96
110.24
137.2
173.0
58.08
251.61
186.42
105.1
55.52
129.91
65.19
163.96
62.76
120.51
191.56
155.94
18.58
244.53
101.56
209.08
99.77
63.99
110.94
144.65
36.71
49.83
185.8
63.74
180.58
72.05
120.57
53.07
262.65
114.2
157.78
205.81
64.42
76.0
34.35
160.53
45.92
140.2
33.67
110.82
55.37
107.67
41.9
65.09
115.34
67.9
68.81
104.67
160.12
213.41
71.26
215.18
108.06
211.09
121.48
234.66
90.4
79.61
88.92
133.48
149.8
83.22
109.99
155.35
155.1
36.99
61.02
210.11
76.33
