24876.84
14718.26
17831.96
12733.12
29144.65
5176.77
22887.13
40886.26
23077.5
19162.64
17453.94
14141.72
26032.26
2404.27
36887.04
11384.73
16790.97
3133.51
17400.91
11831.66
1374.59
12168.35
27778.8
13706.7
13057.29
20491.18
11527.94
40009.69
7539.17
10158.39
11946.52
16723.28
5567.35
16813.43
12337.87
10977.19
16934.96
23418.39
12945.56
34267.68
18581.24
18319.23
5389.1
33536.99
9385.57
19524.56
26523.64
13329.07
4635.26
12800.86
5546.16
10031.51
15638.92
28553.21
19724.37
12129.19
18638.39
1027.73
3603.24
13081.15
14932.03
12812.97
20167.41
25256.54
13180.22
19020.06
11769.3
18650.07
9065.8
16526.53
9739.94
16630.07
18133.5
13287.35
1886.44
20722.23
13520.67
20942.56
19251.14
20740.21
8159.08
23952.04
36039.27
22019.68
9293.85
1543.66
18522.17
12215.67
13773.46
11901.73
2522.97
6898.3
5774.5
14767.58
26700.64
4453.58
17145.65
13945.06
30298.12
9400.33
16513.53
5018.06
14665.72
10179.26
8871.78
1277.54
30418.94
12680.84
10710.86
2766.33
30466.53
11635.47
32384.3
9030.89
18621.75
5858.06
11172.1
22398.5
22791.83
6321.48
17345.61
21163.33
11099.18
26059.58
16560.28
11645.39
18055.64
6190.56
12002.78
8534.31
10652.22
1816.41
34469.12
15928.99
1675.22
28115.72
12848.14
21758.99
15051.81
3374.9
31109.97
11721.23
17255.88
17218.56
5794.84
16509.24
3312.16
1011.96
35763.66
10702.93
26853.59
1162.53
2956.51
23839.01
14545.62
27091.43
31022.97
7794.88
17514.21
11350.45
15507.83
15429.3
6441.1
22200.19
8952.23
17590.74
13847.7
26947.5
22265.57
17711.54
11509.37
22174.58
28828.59
8497.49
17501.33
7832.68
9956.82
1458.14
11270.15
2187.64
14234.45
1867.81
11098.78
19384.62
21027.57
18782.05
36169.53
13579.09
17379.33
23934.06
29288.83
18775.96
1836.96
4665.61
25390.84
7749.91
16633.33
5439.19
16951.94
8006.43
19841.11
17932.83
7007.44
9625.43
11130.98
7575.15
9819.5
9190.09
20539.16
31039.42
11099.02
978.49
12209.53
12932.05
5172.57
30453.41
8949.14
17791.69
20818.64
14990.04
21783.98
13992.28
19970.16
8348.2
19327.32
24645.96
20816.99
17512.8
11081.73
31280.29
30314.91
20028.56
13689.74
21355.72
29449.42
12968.81
3843.16
25066.88
8985.03
21620.29
16647.66
6108.49
29502.62
14348.75
16545.31
23040.93
3853.2
8778.44
40353.32
13502.88
6692.6
13080.36
14935.15
13198.89
21664.01
18752.3
28654.94
10048.96
19466.94
27259.36
10970.76
10872.12
26398.93
2389.46
12945.78
19719.04
11592.78
15547.73
3271.06
9046.79
17369.28
33957.08
6824.93
5538.51
10489.59
13272.2
6745.03
19553.24
10271.13
32696.42
1777.73
13834.48
10429.62
20444.94
1918.13
10074.85
17817.56
8881.04
3847.96
16724.83
8471.61
5740.75
38897.12
29674.04
21507.76
33600.88
9761.38
1406.62
19031.59
3808.05
12181.82
13565.77
13857.53
29278.53
27842.2
14140.52
14029.06
4015.86
11786.26
22015.99
23043.59
2092.06
8820.74
30421.82
18404.11
19119.64
5624.06
37380.4
4189.25
11847.71
15973.16
8862.2
21070.84
26497.19
9551.17
13491.28
12733.04
25266.64
15626.89
17782.02
10426.67
1373.05
39430.49
2338.72
8162.84
11616.65
20827.83
10405.3
24152.26
33183.57
13607.84
15969.53
19034.59
10827.66
9895.48
6744.86
15569.5
1267.73
6536.78
25571.32
2566.65
17688.38
20107.34
10872.7
23375.7
5679.13
34615.1
13173.1
13393.08
25125.15
15716.79
17066.72
10627.38
11577.2
18905.73
14056.37
24854.57
21563.01
2515.59
7822.44
3916.8
10444.25
4954.05
15237.32
6636.51
5231.68
30438.4
1543.24
15207.96
40452.61
5895.1
10773.25
35196.81
22207.28
14817.51
6660.06
28396.25
5305.85
21430.45
3498.46
13989.93
11902.44
15112.6
12325.76
16138.43
5475.07
15188.69
19954.9
26190.04
22099.69
6541.96
6172.51
28389.03
25080.93
10596.14
22977.41
20817.23
17576.57
17038.46
32717.56
13838.84
15059.15
31068.9
27843.8
10641.82
36203.17
4856.27
8116.85
7414.17
14341.39
9537.58
10088.62
12814.73
26334.68
21687.4
6447.28
37492.51
27154.15
17642.16
15860.99
2112.16
11812.78
28909.17
12453.1
11604.1
12334.22
19549.69
9320.39
6014.21
29958.3
38245.63
31616.58
16324.18
7478.33
13110.2
4751.81
7459.27
16984.13
7971.09
37247.84
21627.69
16868.39
12243.12
33378.85
22946.24
21230.1
18085.83
4229.65
18798.01
5946.3
11848.44
3055.86
4900.63
8327.54
19267.04
7544.56
14663.5
26053.99
9390.34
8278.32
35461.74
9938.03
1143.44
15539.28
20484.11
10018.47
8950.25
12235.28
17680.77
15355.64
17406.18
16105.87
8184.54
10984.94
18558.33
5135.08
31450.61
5439.52
18977.71
21903.63
11427.52
11790.18
9983.04
20405.34
15656.3
6235.77
15570.44
1607.78
21625.48
14373.22
23951.08
699.11
13271.99
24036.89
5670.14
552.55
19100.76
17615.62
15681.33
19021.63
18462.89
20892.95
2271.69
34668.02
3985.64
15993.83
3825.3
2772.55
24872.92
10884.26
16538.88
19561.67
8158.89
39386.02
28610.11
15187.85
36975.9
20831.05
13122.51
28572.4
13518.87
13350.83
27093.29
24525.12
6484.28
12360.37
1747.68
27025.46
16707.76
19562.9
15097.13
12081.44
19448.77
10215.54
23666.09
34572.48
26896.67
27248.83
11957.34
11496.2
12233.94
18791.49
11416.02
5349.56
13045.39
30080.02
15757.61
26929.45
3464.15
9045.66
33779.85
18214.62
16669.22
12264.61
21963.37
14842.43
6480.72
8601.05
15711.31
29224.5
11808.86
2322.9
11699.53
7226.69
18715.81
9846.95
19318.78
10301.86
9323.91
9709.23
8371.24
26842.27
21379.38
16916.4
13215.14
14430.35
1828.77
11640.88
12976.63
23511.42
23795.75
26973.13
22755.67
12027.88
27257.1
23633.3
13867.05
26380.5
10401.32
9115.85
32069.87
9610.57
5310.85
14081.21
8049.45
4020.57
16600.48
4239.92
14795.26
10085.45
15928.67
17353.93
6650.63
25484.54
2288.56
26428.98
6335.58
15805.72
32427.96
7208.92
7830.99
18292.62
2847.84
19197.83
17341.46
3624.26
23324.89
1600.45
3159.97
8917.84
3666.84
37545.01
9523.11
13147.35
4030.54
9383.02
33783.06
15311.86
18713.26
33267.06
11941.76
18740.97
13904.32
11218.2
4834.58
14407.11
10094.42
24968.63
22946.1
11837.16
13810.76
30375.26
14793.94
12438.84
14868.08
10458.45
4885.9
13571.01
10219.32
12094.19
6374.25
19461.0
6786.37
9185.64
10560.45
33555.49
10897.81
3933.53
12398.42
38233.31
13494.63
22738.3
14145.45
14177.25
9688.14
15313.29
32050.42
26600.77
13201.28
7215.46
8922.47
19034.86
11670.25
18377.91
3737.74
11731.85
2327.01
26484.16
9153.6
17616.75
7625.14
13717.57
19167.93
1435.7
17624.48
14419.69
18948.67
14962.12
7665.99
15497.91
5738.65
10969.04
11152.98
11925.62
10950.67
29739.31
8406.97
17591.22
17366.49
14025.3
19498.72
21257.6
22055.39
6997.76
5179.92
18775.71
8434.44
41725.21
24924.28
4342.23
15282.68
7561.49
16973.26
12339.42
7802.32
13789.93
12602.43
1349.81
13869.02
4920.13
13514.15
8553.14
27456.84
23892.7
8566.7
22699.38
4884.27
12677.72
28104.53
15555.24
23447.51
2762.67
42140.74
3283.79
11144.05
16097.17
5077.37
27749.95
3080.98
30525.09
4985.45
14293.08
12649.6
1606.7
19040.88
31224.4
14046.39
11110.71
9531.91
11209.04
7020.09
2736.03
12198.33
5108.33
13953.05
39787.16
18054.53
20233.02
13259.82
35026.41
32953.76
16043.2
10874.85
15417.15
30208.08
7649.65
16862.68
19033.08
16382.26
3194.8
23974.18
26446.35
10813.21
7532.8
1929.32
32250.39
9517.67
2189.94
21780.03
8312.47
11017.5
22226.43
23067.38
25301.72
38144.67
5494.03
11141.86
20139.41
21884.28
3488.42
18715.19
15336.36
13071.58
23388.86
27638.21
23160.24
713.14
13857.69
16273.45
11683.95
12311.09
24785.8
12549.12
3096.56
16468.53
25787.74
8963.36
19329.31
25471.59
13275.36
15954.58
31958.89
17388.71
18933.76
7801.95
6662.86
8866.67
7466.51
27831.44
15011.73
12672.22
22578.02
14568.34
12058.7
3831.19
11797.82
17491.16
12073.14
5989.31
13736.05
40198.58
18721.07
8016.53
13045.74
25544.33
14044.33
12325.06
9283.72
9369.4
22611.1
1974.68
19047.64
8905.92
8953.14
20999.87
31299.45
12157.54
15035.45
6229.34
24179.04
13213.3
3286.94
30697.99
26495.67
12909.65
40166.48
21558.85
17639.32
16624.29
11680.79
4013.15
6039.37
41435.39
4163.74
20384.75
5475.75
7986.18
33647.82
16071.79
1769.18
6729.48
21702.03
3095.98
29249.31
14793.22
3773.99
14877.17
27304.58
12521.74
39663.13
22797.87
1276.86
10455.23
16405.53
6139.44
8039.17
16048.09
12854.47
4487.66
18478.53
15600.43
12678.41
18036.04
14764.81
20763.03
8824.14
24686.24
14286.5
12338.57
10903.71
14882.87
20314.31
25019.31
34307.27
36315.84
15406.88
15037.84
9688.19
14403.39
29871.84
15401.66
6947.36
4704.89
9711.77
8569.12
22391.41
21043.8
11750.45
9513.89
14504.9
15061.7
10255.35
7644.9
9909.83
2618.74
20549.45
17876.78
4614.31
9740.01
31775.88
13476.52
28506.32
9356.04
17057.97
15829.56
16009.81
13956.72
3691.72
7352.75
11115.2
28514.73
2620.42
29899.6
1807.57
14220.43
623.39
17875.82
12613.23
20414.12
10042.32
24021.76
11883.71
14954.68
11822.3
7603.13
16434.45
8919.01
13801.04
11519.12
9300.22
13319.81
5026.7
4731.99
26449.16
7063.1
23828.74
16605.45
30565.27
6313.44
31658.88
41074.34
10091.86
13725.89
19912.43
6827.82
14065.36
5759.58
8843.79
21179.12
15681.36
16676.35
25963.39
18757.54
4726.76
11307.74
25098.55
25581.19
5566.02
11679.29
9608.69
