162.4
150.34
92.16
205.4
182.17
85.26
233.85
227.17
44.87
62.77
122.8
237.61
292.63
83.84
26.5
163.69
263.87
97.96
63.7
361.99
230.86
148.16
378.43
62.31
314.11
301.08
112.06
218.84
77.5
114.54
362.0
226.88
140.13
211.33
242.77
258.53
90.82
313.75
100.97
106.6
254.93
287.26
183.05
146.33
80.06
278.58
111.33
193.38
279.89
252.64
360.72
391.6
130.5
225.85
384.49
93.87
200.1
48.76
210.99
191.41
70.97
322.41
74.67
200.02
95.72
294.73
133.63
253.81
154.61
317.9
56.95
220.86
159.19
109.47
109.24
134.06
426.1
288.72
447.86
178.58
35.47
129.34
101.39
458.16
135.61
257.26
157.64
150.32
196.63
202.6
168.2
177.15
327.49
380.04
344.47
141.87
71.31
279.71
296.66
343.62
345.87
229.99
151.86
55.83
326.73
135.81
23.8
150.6
124.28
42.42
43.55
141.91
170.07
109.61
90.29
203.88
221.43
266.81
364.77
212.05
198.91
71.66
37.02
154.5
120.32
265.04
422.0
49.42
297.18
116.94
78.92
120.98
204.65
172.89
313.01
84.53
25.47
88.48
158.35
428.09
330.6
57.38
49.98
163.58
65.59
404.18
296.41
51.97
196.57
79.69
120.38
364.72
189.56
391.84
386.5
64.02
193.0
81.8
54.48
181.6
180.22
361.21
136.56
67.22
78.87
222.77
161.98
115.62
380.42
344.56
368.46
62.59
123.82
152.77
132.06
183.83
101.61
253.24
439.61
116.22
244.99
431.24
102.92
286.98
43.1
276.08
44.85
103.43
88.02
376.52
219.92
337.36
508.03
87.87
116.92
399.73
113.15
83.89
122.39
147.41
164.02
207.46
111.34
49.71
105.92
70.2
331.33
126.56
301.17
249.66
382.78
257.48
130.83
345.86
241.67
281.56
146.63
167.29
252.72
341.5
258.32
91.16
90.58
156.83
430.46
60.61
116.87
102.78
61.82
388.17
97.15
133.21
116.62
127.44
173.09
81.59
129.37
165.19
148.92
20.47
94.95
222.1
341.11
89.01
237.86
266.71
160.3
180.16
26.92
83.71
17.32
441.61
154.41
71.23
353.55
103.23
263.53
173.93
127.54
394.04
182.78
245.13
57.25
193.2
139.43
314.43
215.76
209.58
56.22
246.74
88.06
268.32
219.71
131.79
451.38
92.97
277.05
115.79
109.41
266.44
148.16
69.5
63.96
63.19
463.97
150.88
383.35
289.26
83.93
312.08
108.0
185.38
98.23
255.27
184.27
222.25
129.64
353.93
77.66
61.9
231.73
46.84
334.92
113.72
146.85
283.82
276.28
221.74
325.74
155.89
234.51
146.44
256.36
129.75
102.95
304.98
119.54
239.34
188.7
101.35
148.07
194.95
185.1
107.48
601.47
83.96
113.4
167.45
389.81
72.72
415.91
451.19
177.47
78.0
218.14
146.7
16.47
172.02
68.76
106.1
111.9
152.91
166.29
345.12
466.05
230.26
355.06
366.41
67.35
206.06
85.22
202.76
64.33
50.17
145.49
167.8
99.12
210.29
132.65
130.89
325.06
268.43
267.99
122.81
271.68
167.84
178.89
124.41
142.43
195.6
217.38
365.94
85.09
253.81
52.05
246.47
302.94
108.37
169.28
77.69
316.76
46.07
125.25
86.68
49.87
136.18
85.31
132.63
309.06
232.04
132.24
220.33
160.58
201.57
413.44
289.66
102.58
325.78
106.95
162.9
263.69
406.25
290.27
124.5
156.61
321.69
247.3
105.73
118.07
244.42
158.4
224.26
124.35
51.06
103.66
382.87
218.13
62.02
175.54
112.01
178.76
419.09
35.21
65.25
97.4
489.79
115.38
68.55
110.97
142.58
287.67
58.08
333.37
232.75
175.53
56.39
135.34
106.53
246.88
136.57
181.09
240.6
231.13
20.84
349.62
112.61
332.15
151.96
78.57
173.54
217.08
52.03
49.83
210.49
145.88
350.84
289.34
161.3
55.56
400.95
216.11
164.13
233.32
118.13
85.94
83.52
247.94
49.04
275.6
77.95
252.13
99.93
327.17
41.9
122.93
192.75
98.54
78.85
120.24
275.99
330.0
134.49
325.91
115.19
342.55
187.49
386.47
203.05
180.55
111.47
236.61
150.53
125.19
222.94
247.68
192.93
38.36
113.01
405.34
76.82
