11335.16
23750.27
11513.08
17175.16
26236.16
15416.04
19275.79
18185.1
6869.07
5320.68
11737.24
18329.67
24866.59
11989.4
3849.38
17495.77
28051.56
5273.57
6180.37
36220.91
25627.66
12529.05
29525.98
5776.32
28080.73
27431.65
4380.05
22004.78
9330.29
11572.06
43908.11
21168.51
16277.96
24445.36
26093.86
33824.08
14805.3
33347.65
14954.14
4569.99
19361.37
24929.89
18689.3
22459.86
10881.39
25390.14
12674.07
15283.49
26477.81
25837.28
47515.03
41621.55
12086.66
18725.45
34339.93
15359.97
19737.69
2900.3
20227.04
13725.98
3857.83
32944.43
14652.19
14601.56
10075.23
26603.55
15165.84
25645.69
16585.06
33706.83
2904.99
18809.11
15793.14
13820.0
10270.68
12748.15
38859.69
28631.71
30465.86
23524.64
7581.61
15015.52
14407.57
44321.59
21161.94
24417.82
16916.54
13411.96
17079.83
19370.26
26321.8
19079.82
32042.8
24160.54
32712.66
13833.24
11804.77
27260.86
24189.12
35947.02
32234.88
23233.7
14791.95
6723.73
27216.91
6928.53
6145.34
16205.95
14554.05
931.29
3110.64
18273.28
14776.8
11821.3
12411.91
21376.38
15540.8
27603.81
32727.36
21017.64
19484.27
7067.8
1767.69
14645.33
10062.93
27045.02
33747.79
13900.54
32355.17
16858.32
10052.73
14369.8
19634.78
16656.62
40828.1
5573.35
1419.0
5950.38
21941.09
30630.32
38386.37
5041.45
6518.36
18307.36
9007.65
38250.34
26700.1
3713.79
17818.12
6279.02
12323.72
41809.28
21198.01
33762.23
39900.15
11246.46
18915.17
7148.91
8902.58
18947.01
16631.31
24178.6
14765.39
3498.66
8295.57
20243.78
21205.89
13259.71
39638.9
21863.44
36412.02
8325.55
11500.25
15290.2
17582.39
19068.9
9275.16
23365.04
33151.97
27063.83
22825.74
45166.48
3963.16
27195.29
5762.71
39542.15
820.29
9614.97
11499.19
34281.69
24526.36
36306.53
37635.62
12095.46
7881.85
39516.56
10219.43
11212.2
16072.03
14538.9
15875.67
26543.26
11413.42
8549.25
18126.43
9490.35
30605.53
14490.99
35556.74
24334.29
28964.96
24416.87
6897.01
32731.76
30751.15
30599.07
21248.67
9218.95
20439.48
26579.69
32491.27
16509.37
13059.39
16797.42
26444.77
6914.94
13607.59
12844.06
7471.45
33713.01
8442.79
10307.76
11894.26
17514.47
21371.06
8460.29
10197.5
17689.12
18115.88
2943.55
9733.83
15064.21
31524.41
18764.44
29802.48
21427.25
16874.36
21760.31
1268.93
8987.48
1251.64
45826.24
21941.78
5293.42
24472.0
13034.06
31616.93
19408.84
13795.62
46215.66
10147.1
26177.76
2918.16
16391.27
16943.03
33922.05
16224.7
13331.56
4018.19
25881.65
11248.38
25580.08
17376.77
9309.77
48909.51
5346.02
21234.09
13446.42
19438.38
30386.32
10740.54
10546.86
2789.53
9505.88
50045.58
7940.05
40729.7
24334.52
5090.09
31953.86
12913.15
19028.98
5630.35
24687.25
17281.8
25626.3
8141.56
37571.41
4991.55
2635.54
19112.81
6444.79
36158.01
10626.43
9223.38
31503.07
34088.22
21660.99
30274.5
17833.65
22789.42
10019.79
29155.97
18228.38
16325.62
27380.8
14083.87
28920.46
21525.25
6441.64
18226.86
19057.25
16404.68
12348.11
45881.49
13040.66
14381.95
18774.31
44325.01
9186.33
34586.29
40752.97
19421.95
5092.23
34200.7
9366.81
1079.38
16773.19
4012.73
13299.94
16249.24
14846.43
21886.27
27877.29
49290.0
20391.96
39375.73
23441.1
5840.37
24437.1
2385.74
30618.67
3001.32
4451.73
23414.99
24387.03
4814.89
22115.42
16010.41
10719.44
26193.6
27437.43
21332.15
9258.24
26307.46
16179.92
24853.37
12854.43
7269.53
27734.27
14311.28
35514.3
10433.7
17684.19
3423.56
26348.95
28611.97
17319.14
16267.4
3120.08
42181.02
6194.43
7626.01
5908.52
10330.74
20637.6
10225.86
14739.05
28340.8
20312.19
13458.21
25224.88
22088.3
20207.84
32659.2
34393.23
10534.48
22889.59
8440.36
20581.38
24288.45
30344.88
24628.78
14437.6
18201.62
27735.07
15579.63
19426.63
11099.56
26602.89
15383.94
33194.19
18032.58
3570.21
9366.08
32673.03
17217.12
15676.57
29837.53
12299.82
15526.58
39283.5
9905.92
4300.75
9751.54
58492.48
12579.94
2720.48
12448.34
10173.81
29125.48
12643.52
32007.6
24182.84
12696.92
3456.28
16397.86
14453.7
25579.8
7700.26
14533.56
15391.09
19381.43
1188.9
38211.31
11382.65
27366.96
19395.86
9856.41
18917.74
26538.12
1942.2
8169.91
24995.31
11783.76
30421.89
18496.02
16147.59
3472.22
37715.71
24593.99
10831.41
25446.74
6041.85
10210.83
6543.51
17795.68
5627.79
29667.27
10160.02
22644.04
20794.25
21705.13
4082.92
11694.8
25665.19
21818.52
5030.34
20506.73
31769.54
32820.76
17658.3
36541.67
9912.83
32787.93
13990.49
39474.78
16182.35
19379.65
15860.35
22377.49
16471.77
7081.22
20045.16
18593.34
16041.66
9315.21
17344.74
35375.93
15421.84
