8732.29
21224.85
5406.44
16620.29
17408.62
15395.16
16589.56
14826.04
5629.02
5320.68
10533.72
14876.3
22053.12
6031.31
3849.38
14179.5
22337.74
5063.48
5408.19
34189.8
24715.96
11877.16
24248.99
4373.34
27427.96
24249.01
4163.12
19006.25
9207.85
8112.35
34872.08
13935.73
15785.55
18912.7
18973.1
29440.57
13628.04
31958.3
12157.97
4454.82
16976.66
21305.13
17047.28
17750.29
10308.27
23812.02
10166.25
12648.58
25926.02
23276.87
36415.31
35356.73
10953.65
17721.83
31342.84
10744.3
15277.73
2789.32
18283.65
13526.64
3686.08
30267.0
12990.6
11713.59
6483.27
24632.32
14783.57
19773.37
12981.1
31835.8
2813.51
17282.48
14127.3
13208.69
9884.68
8581.58
28392.7
22927.98
26502.18
18375.01
7581.61
11030.3
11323.91
38253.88
17158.53
20385.52
16165.81
12805.53
16091.48
16708.9
18403.17
17511.33
31115.08
22499.68
30805.28
13734.23
5729.19
21540.54
20321.68
31154.42
30124.57
22426.67
13656.05
5237.19
22165.16
6759.21
6145.34
12222.25
13461.73
910.82
3000.3
11285.16
14544.78
11037.98
9634.68
20319.08
11941.47
26982.55
27985.63
18596.91
16723.96
7063.42
1226.53
10859.05
8986.24
16117.58
30669.53
13900.54
26145.91
12016.29
9952.99
12888.28
17285.31
9874.31
27435.68
4547.53
1401.6
5456.7
17204.35
28602.67
36129.31
4797.58
3433.77
12873.05
8494.13
35962.99
20002.5
3146.09
11094.79
4443.63
8977.3
39741.05
16047.5
29539.11
33195.7
10381.59
15346.89
5452.69
8902.58
18401.22
14787.91
23083.58
10831.85
3029.84
7091.43
17750.28
12020.52
12958.68
34120.39
18201.04
34027.66
7591.56
10021.8
12585.11
12534.21
17565.47
7710.66
21806.59
28912.22
17954.4
19077.49
37910.52
2768.38
16026.85
4212.92
35934.66
818.65
9485.33
10920.44
25050.94
17463.71
34815.72
31583.5
11829.22
6125.53
37352.6
10114.03
11160.72
13339.22
10817.97
9372.15
21278.16
10885.84
8549.25
11539.31
5827.85
28288.41
13519.3
29946.39
21870.66
24664.55
22593.44
6454.98
29230.33
21076.41
25887.13
16830.24
8212.41
18586.16
21513.7
25191.89
9787.38
9828.99
12050.27
23833.06
6527.5
13265.42
12685.35
6721.26
31911.12
6980.0
10180.9
11772.2
13928.45
15736.92
8219.04
7105.42
16764.06
16686.2
2943.55
4726.39
13944.83
26054.66
14862.79
25791.93
15896.27
14595.58
15639.68
1051.54
8544.38
1251.64
38849.53
16554.32
4929.67
21549.9
9079.56
23869.28
19176.82
9561.92
37414.21
9518.5
25323.02
2222.55
11583.77
13910.88
29413.02
11895.73
12973.08
2426.52
24900.13
10067.18
18371.38
16418.77
9023.74
39393.23
5178.39
17970.54
9577.75
10343.3
28321.91
7936.66
8099.3
2743.6
9505.88
42273.97
6796.73
31221.32
23511.88
3920.21
25941.16
12741.97
15910.99
5088.23
18078.5
16905.89
24515.29
7676.33
31445.87
4735.36
2338.78
17345.62
6444.79
28346.44
9850.67
9019.34
27610.68
18959.6
20381.18
29524.93
12603.4
20071.24
9146.7
27109.13
14669.22
13411.03
18436.14
11650.98
27368.98
15166.1
4993.56
14048.36
15854.34
14023.64
10433.91
42974.04
12539.96
13204.54
13869.39
42036.14
6200.48
26934.9
38313.75
18106.3
4989.1
19499.88
5992.92
1079.38
14520.08
3127.92
13070.16
13201.86
8165.3
15472.45
25149.65
40993.67
16832.97
33321.08
22683.32
5821.45
17597.76
2085.54
29936.75
2817.52
4451.73
22436.11
16153.67
4597.93
16605.93
13544.61
10008.68
25304.4
20878.28
20246.8
5850.43
22410.5
12410.9
22636.28
12444.06
6932.75
18347.29
12368.2
33130.45
9447.14
15371.67
3327.21
23326.11
23713.98
15659.12
14134.34
3117.94
32340.74
4423.57
6665.72
5658.73
8292.03
18035.21
10087.34
14150.48
22358.83
12957.84
11393.85
20473.86
16486.27
13660.83
26890.46
30496.63
6838.26
20041.11
7356.69
18088.43
22218.43
28504.66
22172.03
13945.85
18025.39
25536.79
13569.82
17203.58
9792.71
24453.63
13720.32
20941.68
15018.57
3153.11
9164.0
30776.84
13922.89
15642.36
18335.5
10570.58
13544.7
35729.27
9905.92
3483.06
9210.08
41565.87
12420.33
1929.87
12218.56
9919.7
23875.1
12643.52
29428.96
21952.09
12177.13
3188.71
16171.74
10733.29
20632.83
7501.88
13520.35
14959.55
17228.79
1138.9
30766.82
10731.61
22460.81
12887.23
8993.63
15208.36
21311.51
1742.67
8169.91
22118.77
8657.2
23239.33
17330.62
15820.37
2901.22
32041.73
17832.45
10556.16
24626.96
5814.82
9983.32
5978.61
14045.1
5604.13
23397.87
8623.01
19598.58
16044.63
20314.4
4082.92
11352.59
15625.94
15283.19
4530.35
15081.55
26232.78
26944.82
11450.77
34492.45
9212.37
29362.04
12985.97
24572.12
14680.81
17456.56
10732.11
16713.29
16242.0
5310.26
14569.32
16903.14
15616.21
9313.02
11907.1
29222.92
10518.88
