374.47
232.72
169.28
118.7
337.0
102.17
294.68
451.27
277.04
136.77
161.83
171.81
274.41
34.52
360.24
160.12
181.62
48.55
172.32
105.88
46.16
90.11
311.26
106.48
118.86
209.24
88.9
426.17
142.56
67.17
172.09
175.26
49.99
199.22
109.92
104.5
163.43
344.52
170.39
371.33
187.15
190.36
51.61
416.41
80.05
142.31
270.4
148.07
84.81
127.5
102.65
142.23
164.22
303.23
273.75
90.84
160.17
28.77
74.17
109.34
122.54
164.75
237.58
365.16
170.57
240.97
119.52
240.93
175.98
165.5
87.51
326.23
158.95
148.8
35.62
288.95
72.32
245.04
248.8
266.88
58.79
266.24
311.07
323.3
111.15
26.01
236.02
137.77
161.32
99.01
65.79
62.33
88.05
186.69
415.07
124.81
198.11
251.18
367.02
64.54
143.55
65.74
171.82
204.89
135.6
33.09
274.22
142.93
114.93
35.46
336.26
80.57
394.29
127.61
243.03
116.84
57.13
306.04
279.84
91.41
168.55
257.46
94.59
317.77
194.29
81.1
236.14
75.97
41.14
78.32
158.84
20.2
447.75
214.47
22.6
305.86
154.16
382.11
173.42
76.85
357.97
140.94
160.04
218.57
61.63
109.27
64.97
28.27
400.48
90.86
368.34
40.01
85.93
314.69
229.4
299.61
329.16
120.13
258.24
87.59
146.15
210.96
99.14
334.92
160.21
165.03
142.2
299.03
278.79
205.21
91.84
200.5
283.13
41.52
253.97
92.71
130.92
24.97
140.71
36.46
158.77
48.71
134.47
262.35
236.76
221.08
335.3
142.72
186.78
265.67
422.41
176.86
50.1
124.06
371.05
46.14
203.74
76.62
174.26
114.78
281.89
215.4
78.41
159.62
121.62
79.93
109.45
94.71
296.77
432.36
82.83
24.72
92.25
110.89
55.89
321.8
104.45
189.26
205.83
186.1
258.48
182.73
377.29
113.22
176.32
376.98
327.93
279.38
73.0
419.44
351.78
235.92
88.47
269.08
311.14
150.81
64.97
283.21
78.83
286.66
181.21
60.19
298.06
236.29
280.99
273.13
51.64
74.91
452.83
128.28
124.62
142.55
142.21
138.27
201.48
245.45
315.85
124.94
265.13
331.82
143.94
81.92
309.91
50.16
239.01
164.59
132.43
216.24
39.84
97.04
237.71
393.46
64.59
61.78
67.3
159.06
57.29
130.61
193.13
359.68
19.3
182.07
123.46
349.75
17.37
170.06
192.68
163.48
42.87
159.64
109.72
54.28
459.89
331.77
227.89
373.13
149.14
34.37
162.11
111.67
125.28
118.5
124.2
291.79
289.1
94.25
87.01
56.31
110.48
231.89
278.57
67.48
160.8
407.35
188.62
272.31
61.45
413.44
37.4
100.63
132.0
62.95
268.51
374.03
77.81
159.15
154.78
369.99
123.99
196.38
93.36
26.56
445.63
47.28
116.85
155.38
219.51
106.66
240.91
503.15
154.94
194.96
368.27
113.62
130.78
66.28
246.95
31.98
79.55
376.71
43.75
171.56
245.53
83.53
281.22
119.03
376.97
108.37
151.09
296.72
176.36
177.33
76.94
181.85
212.53
238.56
351.56
346.41
37.05
87.52
67.59
96.84
62.08
192.21
40.54
61.66
220.98
35.51
180.76
456.63
103.19
164.94
259.97
236.29
156.2
162.82
330.05
65.34
337.62
40.51
161.64
111.29
170.04
105.96
179.56
103.1
126.62
242.38
358.86
372.99
67.55
86.58
325.92
330.4
151.5
243.21
169.67
176.55
176.93
405.16
166.97
109.31
436.34
249.83
109.12
365.46
100.27
124.62
126.0
106.27
91.15
61.99
93.2
293.48
206.36
66.53
421.06
319.24
255.98
182.3
41.8
72.89
235.55
168.97
67.75
139.96
202.18
124.33
77.13
377.99
386.5
337.24
179.87
74.64
161.04
81.61
76.43
330.07
125.66
415.51
357.13
206.04
175.55
361.31
260.61
325.63
245.06
59.32
195.44
65.46
155.42
57.8
37.38
74.74
234.76
88.92
185.19
208.76
155.21
91.56
358.08
136.78
34.81
80.29
227.0
87.05
122.59
70.14
142.25
163.93
215.34
139.58
128.77
178.4
311.97
74.55
402.73
103.9
218.38
383.81
107.0
171.31
137.12
212.22
208.76
106.15
159.21
44.12
147.87
168.52
283.99
16.61
189.32
327.87
97.86
15.13
228.34
171.37
227.18
264.2
266.61
240.99
57.7
410.37
30.7
115.82
68.01
54.31
279.51
138.87
202.05
243.92
150.7
471.85
340.71
120.92
333.72
246.02
144.8
356.63
226.4
126.09
316.77
371.95
77.39
102.94
68.33
381.58
143.67
188.85
176.05
130.17
297.69
182.24
259.69
371.29
339.55
296.21
92.34
144.89
70.11
307.75
72.11
49.22
227.3
340.12
208.28
321.55
77.09
74.83
362.01
180.1
139.61
77.48
337.34
225.09
138.66
149.02
275.64
323.96
90.63
54.75
128.13
105.7
225.54
207.73
193.31
108.15
124.52
114.29
146.9
253.86
231.67
270.38
149.36
139.25
36.61
122.3
195.74
241.16
367.63
479.02
293.36
111.34
311.08
235.98
115.77
336.46
176.42
100.06
347.42
59.08
70.41
141.64
138.11
84.5
268.77
103.79
189.49
99.25
130.66
338.41
87.28
313.09
42.01
303.9
90.37
174.02
385.03
131.66
93.48
173.8
47.95
294.63
142.63
115.29
240.59
35.92
59.41
167.61
50.71
399.16
58.39
148.48
74.08
124.11
447.46
127.98
192.11
307.99
129.03
245.59
180.72
161.69
85.81
152.79
99.74
288.93
235.55
188.67
150.73
322.87
129.5
133.87
149.07
117.12
89.03
163.35
164.76
202.11
114.48
166.63
170.79
162.76
132.02
367.32
47.36
94.66
88.75
422.58
150.26
289.15
165.06
155.79
172.49
139.31
373.34
297.67
145.96
93.17
98.28
286.83
119.2
238.13
67.0
120.11
33.18
275.56
119.67
176.75
77.09
111.08
174.18
18.57
185.25
94.96
254.05
200.5
125.43
172.2
101.35
209.2
69.04
129.61
97.7
334.39
139.93
159.15
243.64
90.21
321.57
237.4
200.69
125.33
100.24
195.12
85.26
539.69
308.92
88.89
182.85
101.33
151.37
92.67
93.12
154.18
113.67
39.81
186.48
85.25
131.63
41.62
353.37
357.13
144.18
267.66
55.8
50.17
334.56
222.85
259.41
95.56
476.56
68.11
159.31
156.84
66.28
319.09
59.51
372.03
76.31
182.26
169.27
48.12
170.77
423.66
122.32
200.64
85.27
102.72
111.02
69.04
79.91
117.04
237.63
465.07
230.66
189.73
110.39
400.83
448.1
262.78
100.23
144.44
342.89
26.85
127.41
291.06
251.07
40.51
363.21
459.49
171.89
45.93
33.28
347.33
89.53
69.61
289.55
40.13
122.04
265.59
275.35
295.1
478.5
122.62
160.02
327.51
140.51
56.59
227.09
170.09
116.68
222.6
400.48
218.27
12.18
207.54
186.12
51.43
113.09
349.51
145.68
27.36
229.27
308.52
144.57
341.33
266.69
153.99
291.14
321.54
294.22
243.37
123.38
90.86
81.36
75.44
363.27
152.51
227.51
246.72
181.58
133.47
60.8
204.07
314.6
117.01
85.08
117.17
373.53
246.02
107.74
99.97
287.63
131.4
190.47
101.78
119.17
231.02
53.12
251.74
100.73
76.12
211.55
322.39
107.05
140.57
102.64
272.36
119.45
58.26
376.56
285.08
50.76
446.52
292.07
214.18
243.31
241.03
52.18
47.5
445.1
40.74
265.2
103.81
74.99
375.31
229.64
21.48
72.13
157.2
44.0
334.88
83.83
55.89
230.13
314.77
101.69
428.32
274.37
43.18
81.68
241.17
104.15
58.63
112.56
93.42
94.33
235.75
264.44
149.21
201.11
245.55
167.9
109.0
396.82
162.59
134.41
76.56
156.38
226.36
438.95
394.75
399.93
184.28
233.43
157.58
186.85
361.19
284.52
57.56
43.2
121.45
100.72
273.99
247.65
104.31
93.33
96.36
199.66
104.36
60.77
97.63
42.06
207.05
280.26
36.7
101.9
310.94
152.01
275.22
131.1
177.57
191.08
155.67
201.6
30.46
118.45
121.51
309.93
103.37
319.25
25.27
152.24
22.79
355.43
202.62
262.13
81.63
296.18
137.59
173.38
135.46
55.83
160.94
132.58
161.66
147.59
68.36
121.25
37.01
71.87
274.47
46.08
288.75
282.13
350.76
56.75
406.16
401.94
113.19
140.9
160.61
119.81
119.6
61.52
186.43
271.42
153.02
257.3
365.52
197.05
68.04
107.72
274.21
258.83
109.11
173.85
136.02
