[[423, 282, 1038, 1037, 1040, 4557, 1002, 1007, 1012, 1331, 1334, 1340, 1343, 1351, 1353, 1355, 2584, 1357, 2585, 1356, 1354, 1352, 1350, 2482, 7576, 7577]]
[[648, 2450, 2448], [1014, 2392, 1009, 1004, 1641, 2246, 2248, 2261, 2263, 2678, 2468, 6813, 6826, 6845, 6852, 5497, 5501, 5504, 5503, 5506, 4745, 4849, 4907, 4896, 4747], [4172, 4174, 4173, 4168, 4164]]
[[33, 4469, 612, 4605, 7295, 2289, 512, 514, 516, 308, 518, 520, 4806, 4589, 4597, 4598, 537, 1842, 1845, 3647, 3651, 7769, 7770, 7306, 135, 3827]]
[[802, 804, 4575, 4580, 4574, 3586, 3009, 798, 797, 4787, 6696, 3695, 3694, 5433, 4790, 4789, 795, 4792], [4796, 1159, 1158, 93, 221, 6185]]
[[4159, 1840, 534, 537, 4598, 4599, 5133], [2581, 5098, 7571, 2583, 1358, 1360, 220, 789, 4791, 790], [1900, 4767, 4768, 4766, 4770, 4765, 5267, 4764, 4948, 123, 4759, 4755, 6712, 6711, 3186, 4756, 4753, 4757, 3462, 2687, 6677, 3464, 1573, 2746, 3019]]
[[6709, 7480]]
[[2429, 1558, 1029, 2398, 1017, 2382, 2384, 1331, 1334, 1340, 1343, 1351, 1353, 1360, 220, 789, 4791, 790]]
[[7143, 4417, 7140, 7142, 7141, 2428, 4231, 2429, 1558, 1029, 2398, 1017, 2382, 2384, 1331, 1334, 1340, 1343, 1351, 1353, 1360, 220, 789, 4791, 790], [800, 801, 4576, 803, 805, 810, 812, 4967, 1304, 1307, 1308]]
[[2261, 2263, 2678, 2468, 6813, 6826, 6845, 6846, 6840, 6844, 6838, 6839, 4845, 4892, 4853, 7396, 7391, 7390, 7393, 7395, 7394]]
[6920, 6921, 6919, 6918, 4212, 6933, 4211, 4210, 206, 1026, 1086, 1084, 2478, 2597, 7681, 4943, 4944, 1729, 1750, 1755, 1757, 2279, 1765, 1778, 1779, 'same']
[[6, 6834, 6827, 6836, 6832, 7355, 7354, 7357, 7358, 6822, 7356, 6825, 2469, 2264, 2262], [2243, 1590, 1006, 1005, 2198, 2199, 2200, 1007, 1012, 1331, 1334, 1336, 2610, 1337, 6480, 6477, 4412, 4428, 4427, 2022, 2020, 2021, 4436]]
[[7098], [7065, 7064, 7062], [5693, 173, 156, 155, 3024, 5074, 154, 153, 7021, 152, 151, 3983, 4269, 4287, 4315, 3210, 4243, 5779, 5778, 4238, 1311, 5787, 2788, 2949, 2890, 5288, 815, 2892, 6704, 3521, 4797, 4798, 3388, 4966, 144, 3468, 5777], [7470, 7468, 7475, 6950, 1306, 1905]]
[[3251], [5769, 5767, 5765, 5764, 2951, 2952, 2954, 171, 172, 5312, 5307, 1724, 5308, 5309, 5311, 156, 173, 5693, 2275, 2064, 7031, 6283, 7027, 7067, 7062, 7064, 7065, 6281, 7046, 7098, 7097, 7092, 7093, 7101, 5062, 7504, 4504, 4500, 4501, 4502, 4503, 4496, 4507, 4508, 4512, 4513]]
[[5267, 4764, 4948, 123, 4759, 4755, 6712, 6711, 3186, 4756, 4753, 4757, 4758, 2615, 3854, 1300, 1294, 1233, 1232]]
[4549, 4550, 4551, 2326, 4552, 4612, 4613, 1150, 1151, 1153, 1154, 6185, 6186, 'same']
[[2066, 7628, 7627, 7624, 7625, 6692, 6693, 2345, 2983], [6337, 2987, 4563, 7938, 4559, 5124, 1564, 1722, 4560, 6389, 3292, 6369, 6367, 6368, 1547, 1550, 1551, 1553]]
[[6, 6834, 6827, 6836, 6832, 7355, 7354, 7357, 7358, 6822, 7356, 6825, 2469, 2264, 2262, 2249, 2247, 2243, 1590, 1006, 1005, 2198, 2199, 2200, 1007, 1012, 1331, 1334, 1340, 1343, 1351, 1353, 1360, 220, 789, 4791], [4794, 794, 4788, 5375, 3696, 3699, 796, 797, 2165, 4786, 3016, 3015]]
[[5205], [4808, 4807, 5131, 1841]]
[[4491, 4483, 4485, 4480, 4475, 4477, 2341, 6239, 311, 4725, 4726, 4724, 200, 3889]]
[[2983, 2345, 6693, 6692, 7625, 7624, 7627, 7628, 2066], [7065, 7064, 7062], [2952, 2951, 5764, 5765, 5767, 5769], [3280, 3278, 3276, 3277, 164, 4643, 4644, 4650, 4651, 4629, 6183, 93, 221, 6185], [3414, 3127]]
[[1157, 221, 93, 6183, 4629, 4651, 4650, 4644, 4643, 164, 3277, 3276, 3278, 3280], [5769, 5767, 5765, 5764, 2951, 2952], [7062, 7064, 7065]]
[[3703, 3702, 3691, 3698, 3693, 3694, 5433, 4790], [4796, 1159, 1158, 93, 221, 6185]]
[[2581, 5098, 7571, 2583, 1358, 1360, 220, 789, 4791], [4794, 794, 4788, 5375, 3696, 3699, 796, 3570, 3581, 799, 800, 801, 4576, 803, 805, 810, 5261, 814, 4798, 2759, 3027, 2787, 3034, 2733, 5263, 2699, 4800, 1292, 4804, 4802, 4799, 2690, 5775, 2820, 2810, 2808, 2809, 6719, 1316, 1318, 3671, 1321], [2617, 6451, 6449, 6450, 6456], [4521, 4531, 4532, 6514]]
[[3659, 3656, 3655, 3666, 7909, 306, 307, 309, 526, 518, 520, 4806, 4589, 4597, 4598, 537, 1842]]
[[1397, 4339, 4340, 1552, 4455, 1549, 3294, 2989, 116, 1564, 5124, 4559, 7938, 4563, 2987, 6337], [6456, 6450, 6449, 6451, 2617], [6719, 2809, 2808, 2810, 2820], [2774, 2781, 2743, 815, 2892, 6704, 3521, 4797, 4798, 3388, 4966, 144, 3468, 5777]]
[[6514, 4532, 2623, 4520, 4518, 4522], [6456, 6450, 6449, 6451, 2617], [6719, 2809, 2808, 2810, 2820], [4796, 1159, 92, 1361, 1354, 1352, 1342, 1341, 1333, 1332, 1330, 4583, 1015, 2394, 2381, 2396, 630, 2397, 1557, 1020, 2388]]
[[144, 4966, 3388, 4798, 4797, 2296, 5281, 5282, 813, 5260, 808, 806, 804, 4575], [4787, 6696, 3695, 3693, 3692]]
[[2952, 2951, 5764, 5765, 5767, 5769], [3280, 3278, 3276, 3277, 164, 4643, 4644, 4650, 4651, 4629, 6183, 93, 1158], [1342, 1341, 1338, 1339, 1340, 1343, 1345, 1346, 7567, 7559, 7560, 2390, 7558]]
[[7509, 7510, 4535, 7506, 7517, 199, 2960, 2957]]
[[7639, 4933, 7150, 4423, 4422, 1823, 2431, 4742, 2430, 4405, 2408, 5112, 2405, 7152, 4404, 6480, 6477, 6479, 6478, 1335, 1333, 1332, 2392, 1009, 1004, 1641], [2678, 2468, 6813, 7353, 6821, 6819, 6831, 6833, 6]]
[[612, 4605, 7295, 2289, 512, 514, 516, 308, 518, 520, 4806, 4589, 4597, 4599, 5133], [2581, 5098, 7571, 2583, 1358, 1360, 220, 1157, 221, 93, 6183, 4629, 4651, 4650, 4644, 4643, 164, 3277, 3276, 3278, 3280], [5769, 5767, 5765, 5764, 2951, 2952], [5695]]
[[1853, 5768, 5765, 5764, 2951, 2952, 2954, 171, 172, 5312, 5307, 1724, 5308, 5309, 5311, 156, 173, 5693, 2275, 2064, 7031, 6283, 7027, 7067, 7062, 7064, 7065, 6281, 7046, 7098, 7097, 7092, 7093, 7101, 5062, 7504, 4504, 4500, 4501, 4502, 4503, 4496, 4507, 4509, 6077, 4517, 4518, 4522]]
[[4203, 5270, 2885, 1584, 809, 811, 808, 806], [4796, 1159, 1158, 93, 221, 6185]]
[[4796, 1159, 92, 1361, 1354, 1352, 1342, 1341, 1333, 1332, 2392, 1009, 1004, 1641, 2246, 2248, 2261, 2263, 2678, 2468, 6813, 7353, 6821, 6819, 6831, 6833, 6]]
[[534, 537, 4598, 4599, 5133], [2327, 4550, 4551, 2326, 4552, 4612, 4613, 2581, 5098, 7571, 2583, 2586, 1357, 2585, 1356, 1354, 1352, 1342, 1341, 1333, 1332, 2392, 1009, 1003, 4558, 922]]
[[2477, 7560, 2602, 1347, 1344, 1342, 1341, 1338, 1339, 1340, 1343], [1157, 221, 93, 6183, 4629, 4651, 4650, 4644, 4643, 164, 3277, 3276, 3278, 3280], [5769, 5767, 5765, 5764, 2951, 2952], [5695], [7451]]
[[2581, 5098, 7571, 2583, 2586, 2587, 2589, 5054, 5053]]
[[5695], [2952, 2951, 5764, 5765, 5767, 5769], [3280, 3278, 3276, 3277, 164, 4643, 4644, 4650, 4651, 4629, 6183, 93, 221, 6185]]
[[4849, 4745, 5499, 5498, 6849, 6847, 6812, 6825, 2469], [1331, 1334, 1336, 1335, 1333, 1332, 1330]]
[[1640, 4615, 1639, 1636, 1520, 7324, 1631, 2577, 1620, 1567, 2905, 1566, 1614, 1611, 5256, 4617, 7563, 1559], [2435]]
[[1002, 1007, 1012, 1331, 1334, 1340, 1343, 1351, 1353, 1360, 220, 1157, 221, 93, 6183, 4629, 4651, 4650, 4644, 4643, 164, 3274, 4706, 4707]]
[[211, 3857, 6515, 2625, 6514, 4532, 2623, 4520, 4518, 4522], [6456, 6450, 6449, 6451, 2617], [6719, 2809, 2808, 2810, 2820], [4796, 1159, 92, 1361, 1354, 1352, 1350, 1349, 1351, 1353, 1355, 2582], [1637], [1630, 2910]]
[[4493, 4494, 7626, 4495, 4496, 4507, 4509, 6077, 4517, 4518, 4522, 4523, 6040, 6031, 2622, 7503, 2620, 7265, 6455, 6456, 6450, 6449, 6451, 2617, 2616, 1325, 5955, 3172, 7261, 5957, 5968, 7254, 7252, 5301, 7250, 1324, 7247, 2756, 1323, 1322, 1319, 3672, 4952, 4955, 4956, 5776, 4242, 4239, 5783, 5785, 5787, 2788, 4232, 3623, 3624, 3625, 2169, 2167, 5405, 2166]]
[[2581, 5098, 7571, 2583, 1358, 1360, 220, 789, 4791, 790], [4800, 2703, 2714, 2715]]
[[3421, 3422, 3423, 3324]]
[[3028, 3027, 2787, 815, 2892, 6704, 3521], [4796, 1159, 92, 1361, 1354, 1352, 1342, 1341, 1333, 1332, 2392, 1009, 1003]]
[[4582, 5248, 5251, 4931, 5253, 5244, 6726, 6727, 7580, 2594, 2593, 2591, 2590, 2322, 4887, 3047, 7394, 7388, 7392, 4851, 4852, 6837, 6848, 6847, 6812, 7357, 7358, 6822, 7356]]
[[815, 5288, 2890, 2949, 2788, 5787, 1311, 4238, 5778, 5779, 4243, 3210, 4315, 4287, 4269, 3983, 151, 152, 7021, 153, 154, 5074, 3024, 155, 156, 173, 5693]]
[[7226, 6408, 3295, 3294, 2989, 116, 1564, 5124, 4559, 7938, 4563, 2987, 6337], [6456, 6450, 6449, 6451, 2617], [6719, 2809, 2808, 2810, 2820], [2774, 2781, 2743, 815, 2892, 6704, 3521, 4797, 4798, 3388, 4966, 144, 3468, 5777]]
[[3196, 3673, 2686, 6676, 2687, 3461, 3465, 4755, 6712, 6711, 3186, 4756, 4753, 4757, 4758, 2615, 3038, 121, 4947, 2863, 4760, 4761, 3367, 1167, 4771, 7239, 7241, 2282, 1303, 3567, 4579, 801], [4796, 1159, 92, 1361, 1354, 1352, 1342, 1341, 1333, 1332, 1330]]
[[5505, 5500, 5498, 6849, 6847, 6812, 6825, 2469, 2264, 2262, 2249, 2247, 2243, 1590, 1006, 1005, 2198, 2199, 2200, 1007, 1012, 1331, 1334, 1340, 1343, 1351, 1353, 1360, 220, 1157, 221, 93, 6183, 4629, 4651, 4650, 4644, 4643, 164, 3277, 3276, 3278, 3280], [5769, 5767, 5765, 5764, 2951, 2952], [7062, 7064, 7065], [2066, 7628, 7627, 7624, 7625, 6692, 6693, 2345, 2983]]
[[6827], [6822, 7356, 6825, 2469, 2264, 2262, 2249, 2247, 2243, 1590, 1006, 1005, 2198, 2199, 2200, 1007, 1012, 1331, 1334, 1340, 1343, 1351, 1353, 1360, 220, 1157, 221, 93, 6183, 4629, 4651, 4650, 4644, 4643, 164, 3277, 3276, 3278, 3280], [5769, 5767, 5765, 5764, 2951, 2952], [7062, 7064, 7065], [2960, 6239, 311, 4725, 4726, 4724, 4722, 2339, 2343, 4857]]
[[4140, 4141], [2327, 4550, 4551, 2326, 4552, 4612, 4613, 2581, 5098, 7571, 7570, 4615, 1639, 1636, 1520, 7324, 1631, 2577, 1620, 1567, 2905, 1566, 1614, 1611, 5256]]
[[200, 4722, 2339, 4723, 311, 6239, 2341, 4477, 4475, 4476, 4479, 4481, 4478, 4488, 4493, 4494], [6456, 6450, 6449, 6451, 2617], [3672, 4952, 4955, 4956, 5776]]
[[2204, 2202, 2198, 2199, 2200, 1007, 1012, 1331, 1334, 1340, 1343, 1351, 1353, 1360, 220, 1157, 221, 93, 6183, 4629, 4651, 4650, 4644, 4643, 164, 3277, 3276, 3278, 3280], [5769, 5767, 5765, 5764, 2951, 2952], [5695]]
[[1351, 1353, 1355, 2584, 1357, 2587, 2589, 5054, 2611, 2612, 2002, 1899, 5039, 5040, 2573, 2572, 2563, 2574], [6896, 6891, 6890]]
[[5361, 5362, 5353, 5412, 5410, 3016, 4786, 4787, 6696, 3695, 3694, 5433, 4790, 4789, 795, 4792], [4796, 1159, 92, 1361, 1354, 1352, 1342, 1341, 1333, 1332, 2392, 1009, 1004, 1641, 2246, 2248, 7342, 2251, 7341]]
[[2024, 2023, 4427, 4428, 4400, 5121, 5119, 5118, 5115, 1339, 1340, 1343, 1345, 1346, 7567, 7559, 2476, 1858]]
[[3563, 3564, 3565, 4570, 115, 1723, 1396, 1397, 4339, 4340, 1552, 4455, 1549, 3294, 2989, 116, 1564, 5124, 4559, 7938, 4563, 2987, 6337], [183, 2984, 6244, 6245, 2344], [2960]]
[[4794, 794, 4788, 5375, 3696, 3699, 796, 3570, 3581, 799, 800, 801, 4576, 803, 805, 810, 5261, 814, 4798, 2759, 3027, 2787, 3034, 2733, 5263, 2699, 4800, 1292, 4804, 4802, 4799, 2690, 5775, 2820, 2810, 2808, 2809, 6719, 1316, 1318, 3671, 1321]]
[[5787, 2788, 2949, 2890, 5288, 815, 2892, 6704, 3521]]
[[2382, 2384, 1331, 1334, 1340, 1343], [1157, 221, 93, 6183, 4629, 4651, 4650, 4644, 4643, 164, 3277, 3276, 3278, 3280], [5769, 5767, 5765, 5764, 2951, 2952], [7062, 7064, 7065], [2960, 6239, 311, 4725, 4726, 4724, 200, 3889, 2972, 2344, 6245]]
[[4834, 4870, 6814, 6822, 7356, 7353, 6821, 7355, 7354, 6826, 6845, 6852, 5497, 5501, 5504, 5503, 5506, 4745, 4849, 4907, 4896]]
[[5693, 173, 156, 155, 3024, 5074, 154, 153, 7021, 152, 151, 3983, 4269, 4287, 4315, 3210, 4243, 5779, 5778, 4238, 1311, 5787, 2788, 2949, 2890, 5288, 815, 2892, 6704, 3521, 4797, 4798, 3388, 4966, 144, 3468, 5777, 7471, 7472, 7470, 7468, 7475, 6950, 1175]]
[[6886, 2574, 2563, 2572, 2573, 5040, 5039, 1899, 2002, 2612, 2611, 5055, 2588, 2585, 2584, 2582, 7570, 4615, 1639, 1636, 1520, 7324, 1631, 2577, 1620, 1567]]
[[5556, 5559, 186, 187, 5575], [5695], [2952, 2951, 5764, 5765, 5767, 5769], [3280, 3278, 3276, 3277, 164, 4643, 4644, 4650, 4651, 4629, 6183, 93, 1158, 92, 1361, 1354, 1352, 1342, 1341, 1333, 1332]]
[[6719, 2809, 2808, 2810, 2820], [1359, 2589, 5054, 2611, 2612, 2002, 1899, 5039]]
[[534, 537, 4598, 4599, 5133], [2581, 5098, 7571, 2583, 1358, 1360, 220, 1157, 221, 93, 6183, 4629, 4651, 4650, 4644, 4643, 164, 3277, 3276, 3278, 3280], [5769, 5767, 5765, 5764, 2951, 2952]]
[[7047, 7043, 7042, 7041], [155, 3024, 5074, 154, 153, 7021, 152, 151, 3983, 4269, 4287, 4315, 3210, 4243, 5779, 5778, 3236, 3237, 3245, 3238, 7322, 2294, 148, 3612, 3625, 2169, 2167, 5327, 5336, 3014, 3015, 3016]]
[[5695], [2952, 2951, 5764, 5765, 5767, 5769], [3280, 3278, 3276, 3277, 164, 4643, 4644, 4650, 4651, 4629, 6183, 93, 221, 6185], [4593, 4607, 993, 992, 4073, 4059, 991]]
[[138, 3095, 5476, 5466], [5524, 5532]]
[[4796, 1159, 92, 1361, 1354, 1352, 1342, 1341, 1333, 1332, 2392, 1009, 1003]]
[[6, 6834, 6827, 6836, 6832, 7355, 7354, 6826, 6845, 6852, 5497, 5501, 5504, 5503, 5506, 4745, 4849, 4907, 4896], [5126], [5144, 5155, 5145], [6864, 6870, 5166, 5216, 1846, 5221, 5212]]
[[4803, 6463, 819, 821, 1569, 823, 822, 4801, 818]]
[[2572, 2573, 2569], [4794, 794, 4788, 5375, 3696, 7175, 3697, 3698, 3693, 3692, 3747, 3753]]
[[2250, 2249, 2247, 2243, 1590, 1006, 1005, 2198, 2199, 2200, 1007, 1012, 1331, 1334, 1336, 1335, 1333, 1332, 1330, 2393, 2389, 1697, 2458, 2456, 620, 616, 7786, 618, 218, 314, 736, 435, 414, 426, 412]]
[[5232, 5237, 5234, 5233, 33, 4469, 612, 4605, 7295, 2289, 512, 514, 516, 308, 518, 520, 4806, 4589, 4597, 4599, 5133], [2581, 5098, 7571, 2583, 1358, 1360, 220, 789, 4791], [4794, 794, 4788, 5375, 3696, 3699, 796, 3570, 3581, 799, 800, 801, 4576, 803, 805, 810, 5261, 814, 4798, 2759, 3027, 2787, 3034, 2733, 5263, 2699, 4800, 1292, 4804, 4802, 4799, 2690, 5775, 2820, 2810, 2808, 2809, 6719, 1316, 1318, 3671, 1321], [2617, 6451, 6449, 6450, 6456], [4521, 4531, 4532, 6514, 6515, 3857, 211, 6053, 3972, 3973]]
[[2952, 2951, 5764, 5765, 5767, 5769], [3280, 3278, 3276, 3277, 164, 4643, 4644, 4650, 4651, 4629, 6183, 93, 1158, 92, 1361, 1354, 1352, 1342, 1341, 1333, 1332, 2392, 1009, 1004, 1641, 2246, 2248, 2261, 2263, 2678, 2468, 6813, 7353, 6821, 6819, 6831, 6833, 6]]
[[4231, 2429, 1558, 1029, 2398, 1017, 2382, 2384, 1331, 1334, 1340, 1343, 1351, 1353, 1360, 220, 789, 4791], [4794, 794, 4788, 5375, 3696, 3699, 796, 3570, 3581, 799, 800, 801, 4576, 803, 805, 810, 5261, 814, 4798, 2759, 3027, 2787, 3034, 2733, 5263, 2699, 4800, 1292, 4804, 4802, 4799, 2690, 5775, 2820, 2810, 2808, 2809, 6719, 1316, 1318, 3671, 1321], [2617, 6451, 6449, 6450, 6456], [4521, 4531, 4533, 4510, 4514, 4515, 4516, 6067]]
[[6, 6834, 6827, 6836, 6832, 7355, 7354, 7357, 7358, 6822, 7356, 6825, 2469, 2264, 2262, 2249, 2247, 2243, 1590, 1006, 1005, 2198, 2199, 2200, 1007, 1012, 1331, 1334, 1340, 1343, 1351, 1353, 1360, 220, 789, 4791, 790]]
[1344, 1342, 1341, 1333, 1332, 2392, 1009, 1003, 1000, 2171, 919, 394, 7804, 918, 916, 914, 911, 907, 'same']
[[2163, 5318, 5322, 5321, 5334, 5335, 3015, 3016, 4786, 4787, 6696, 3695, 3694, 5433, 4790, 4789, 795, 4792, 791], [1342, 1341, 1338, 1339, 1340, 1343, 1345, 1346, 7567, 7559, 7560, 2390, 7558]]
[[1351, 1353, 1355, 2584, 1357, 2585, 1356, 1354, 1352, 1350, 2482, 2481, 1889, 1890, 5020, 2564, 1886, 1885]]
[[1397, 4339, 4340, 1552, 4455, 1549, 3294, 2989, 116, 1564, 5124, 4559, 7938, 4563, 2987, 6337], [2983, 2345, 6693, 6692, 7625, 7624, 7627, 7628, 2066], [7065, 7064, 7062], [2952, 2951, 5764, 5765, 5767, 5769], [3280, 3278, 3276, 3277, 164, 4643, 4644, 4650, 4651, 4629, 6183, 93, 1158, 92, 1361, 1354, 1352, 1342, 1341, 1338, 1339, 1340, 1343, 1345, 1346, 2391, 2601, 4464, 4465, 4467], [2435]]
[[1842, 537, 4598, 4599, 5133], [2587, 2589, 5054, 2611, 2612, 2613, 2614, 1421, 1425, 1429, 1431, 1427, 1426, 158, 5083, 5081, 208, 207]]
[[4796, 1159, 92, 1361, 1354, 1352, 1342, 1341, 1333, 1332, 2392, 1009, 1003], [86, 71, 47, 840, 841, 49, 50, 69]]
[[4796, 1159, 1158, 93, 221, 6185], [4172, 4174, 4173, 4168, 4164]]
[[2477, 7560, 2602, 1347, 1344, 1342, 1341, 1333, 1332, 2392, 1009, 1004, 1641], [980]]
[[5731, 5730, 3490, 180, 1853, 5748, 3282, 4712, 3280, 3278, 3276, 3277, 164, 4643, 4644, 4650, 4651, 4629, 6183, 93, 221, 6185]]
[[79, 9], [5505, 5500, 5498, 6849, 6847, 6812, 6825, 2469, 2264, 2262, 2249, 2247, 2243, 1590, 1006, 1005, 2198, 2199, 2200, 1007, 1012, 1331, 1334, 1340, 1343, 1345, 1346, 7567]]
[[2581, 5098, 7571, 2583, 1358, 1360, 220, 789, 4791, 790], [1900, 4767, 4768, 4766, 4770, 4765, 5267, 4764, 4948, 123, 4759, 4755, 6712, 6711, 3186, 4756, 4753, 4757, 3462, 2687, 6677, 3464, 1573, 2746, 3019, 3020, 3369]]
[[290, 18, 7457], [2249, 2247, 2245, 2244, 2242, 2460, 2177, 2173, 1589, 1588, 4739, 4737, 4623, 2440, 4558, 922]]
[[7098], [7065, 7064, 7062], [2952, 2951, 5764, 5765, 5767, 5769], [3280, 3278, 3276, 3277, 164, 4643, 4644, 4650, 4651, 4629, 6183, 93, 1158, 92, 1361, 1354, 1352, 1342, 1341, 1333, 1332, 1330]]
[[1635, 1637], [7571, 2583, 1358, 1360, 220, 789, 4791], [4794, 794, 4788, 5375, 3696, 3699, 796, 3570, 3581, 799, 800, 801, 4576, 803, 805, 810, 5261, 814, 4798, 2759, 3027, 2787, 3034, 2733, 5263, 2699, 4800, 1292, 4804, 4802, 4799, 2690, 5775, 2820, 2810, 2808, 2809, 6719, 1316, 1318, 3671, 1321], [2617, 6451, 6449, 6450, 6456], [4521, 4531, 4532, 6514, 6515, 3857, 211, 212, 3869, 3971, 3876, 3884, 6752, 6750]]
[[6285, 6287, 6288], [7065, 7064, 7062], [2952, 2951, 5764, 5765, 5767, 5769], [3280, 3278, 3276, 3277, 164, 4643, 4644, 4650, 4651, 4629, 6183, 93, 221, 6185], [4595, 4596, 4587, 524, 519, 517, 528, 306, 7909, 3666, 3655, 3656, 3665, 3668, 3661]]
[[6719, 2809, 2808, 2810, 2820]]
[[7142, 7141, 2428, 4231, 2429, 1558, 1029, 2398, 1017, 2382, 2384, 1331, 1334, 1340, 1343, 1351, 1353, 1355, 2582, 7570]]
[[2952, 2951, 5764, 5765, 5767, 5769], [3280, 3278, 3276, 3277, 164, 4643, 4644, 4650, 4651, 4629, 6183, 93, 1158, 92, 1361, 1354, 1352, 1342, 1341, 1333, 1332, 2392, 1009, 1004, 1641, 2246, 2248, 2261, 2263, 2678, 2679, 2668]]
[[5785, 5787, 2788, 4232, 3623, 3624], [3015, 3016, 4786, 4787, 6696, 3695, 3694, 5433, 4790, 4789, 795, 4792], [4796, 1159, 1158, 93, 221, 6185], [4595, 4596, 4587, 524, 519, 517, 521, 515, 513, 2288, 512, 2289, 7295, 4605, 612]]
[[7682, 7686, 7153, 1065, 1069], [1727, 1348, 1347, 1344, 1342, 1341, 1338, 1339, 1340, 1343], [1157, 221, 93, 6183, 4629, 4651, 4650, 4644, 4643, 164, 3277, 3276, 3278, 3280], [5769, 5767, 5765, 5764, 2951, 2952], [7062, 7064, 7065], [2066, 7628, 7627, 7624, 7625, 6692, 6693, 2345, 2983]]
[[1002, 1007, 1012, 1331, 1334, 1340, 1343, 1351, 1353, 1360, 220, 1157, 221, 93, 6183, 4629, 4651, 4650, 4644, 4643, 164, 3277, 3276, 3278, 3280], [5769, 5767, 5765, 5764, 2951, 2952]]
[[2617, 6451, 6449, 6450, 6456], [6257, 6692, 6693, 2345, 2983], [6337, 2987, 4563, 7938, 4559, 5124, 1564, 1722, 4560, 6389, 3292], [6373, 6382, 6374]]
[[6867], [6854, 7411, 4746, 4747, 4896, 4907, 4849, 4745, 5499, 5498, 6849, 6847, 6812, 6825, 2469, 2264, 2262, 2249, 2247, 2245, 2244, 2242, 2460, 2459]]
[[387, 389, 382, 370, 921, 920, 48, 885, 86, 222, 227, 228]]
[[1676, 1673, 1671, 1669, 2385, 1663, 1662, 1603, 1602, 1650, 1649, 1595, 586, 7146, 4264, 4231, 2429, 1558, 1029, 2398, 1017, 2382, 2384, 1331, 1334, 1340, 1343, 1351, 1353, 1360, 220, 789, 4791], [4794, 794, 4788, 5375, 3696, 3699, 796, 3570, 3581, 799, 800, 801, 4576, 803, 805, 810, 5261, 814, 4798, 2759, 3027, 2787, 3034, 2733, 5263, 2699, 4800, 1292, 4804, 4802, 4799, 2690, 5775, 2820, 2810, 2808, 2809, 6719, 1316, 1318, 3671, 1321]]
[[3726, 3690, 7197, 3702, 3691, 3698, 3699, 796, 3570, 3581, 799, 800, 801, 4576, 803, 805, 810, 5261, 814, 4798, 2759, 3027, 2787, 3034, 2733, 5263, 2699, 4800, 816, 2768, 2737, 2689, 5770, 4959, 4958, 4957, 5776, 4956, 4955]]
[3697, 3698, 3693, 3694, 5433, 4790, 4789, 795, 4792, 791, 4796, 1159, 92, 1361, 1354, 1352, 'same']
[[5098, 7571, 2583, 1358, 1360, 220, 789, 4791, 790], [1900, 4767, 4768, 4766, 4770, 4765, 5267, 4764, 4948, 123, 4759, 4755, 6712, 6711, 3186, 4756, 4753, 2825, 2934]]
[[1842, 537, 4598, 4599, 5133]]
[[1210, 1211, 2861], [1275]]
[[4466, 2599, 2600, 2475, 2476, 1858, 7568]]
[[2386], [547, 7584, 7585, 549, 6854, 6856, 6855, 2327, 4550, 4551, 2326, 4552], [2581, 5098, 7571, 2583, 1358, 1360, 220, 789, 4791], [4794, 794, 4788, 4789, 2150, 2149]]
[[3280, 3278, 3276, 3277, 164, 4643, 4644, 4650, 4651, 4629, 6183, 93, 221, 6185]]
[[2230, 2624, 6081, 4524, 4521, 4531, 4533, 4510], [4491, 4483, 4485, 4480, 4475, 4477, 2341, 6239, 311, 4725, 4726, 4724, 200, 3889, 3894, 3888, 3892]]
[[1356, 1354, 1352, 1342, 1341, 1333, 1332, 1330, 4583, 1015, 2394, 2381, 2396, 630, 2397, 1557, 2428, 4231, 2429, 4543, 4914, 4910, 4918]]
[[2960], [2344, 6245, 201, 6244, 2984, 183], [6337, 2987, 4563, 7938, 4559, 5124, 1564, 1722, 4560, 6389, 3292, 6369, 6367, 6368, 1547, 1548, 4333, 4332, 4565, 1555]]
[[1270, 1177, 4761, 3367, 1167, 4771, 7239, 7241, 2282, 1303, 3567, 4579, 4576, 803, 805, 810, 5261, 814], [2759, 3027, 2787, 815, 5288, 2890, 2949, 2788, 5787, 1311, 4238, 5778, 5779, 4243, 3210, 4315, 4287, 4269, 3983, 151, 152, 7021, 153, 154, 5074, 3024, 155]]
[[2952, 2951, 5764, 5765, 5767, 5769], [3280, 3278, 3276, 3277, 164, 4643, 4644, 4650, 4651, 4629, 6183, 93, 1158, 92, 1361, 1354, 1352, 1342, 1341, 1333, 1332, 1330]]
[[7065, 7064, 7062], [2952, 2951, 5764, 5765, 5767, 5769], [3280, 3278, 3276, 3277, 164, 4643, 4644, 4650, 4651, 4629, 6183, 93, 1158, 92, 1361, 1354, 1352, 1342, 1341, 1338, 1339, 1340, 1343, 1345, 1346, 2391, 2601, 4464, 4465, 4467, 7563, 7561, 7562, 1832, 1076, 1070]]
[[414, 435, 736, 314, 2454, 2455, 2457, 1697, 1011, 2383, 1014, 2392, 1009, 1004, 1641, 2246, 2248, 2261, 2263, 2678, 2468, 6813, 6826, 6845, 6852, 5497, 5501, 5504, 5503, 5506, 4745, 4849, 4907, 4896, 4747]]
[[7323, 7322, 3238, 3245, 3237, 3236, 5778, 5779, 4243, 3210, 4315, 4287, 4269, 3983, 151, 152, 7021, 153, 154, 5074, 3024, 155, 156, 173, 5693, 2275, 2064, 7031, 6283, 7027, 7067, 7062, 7064, 7065, 6281, 7046, 7056, 7091, 7096, 7094, 7077, 7078, 7050, 2956, 6294, 4487, 2957, 2958, 2959, 3112, 2966, 3113]]
[[5006]]
[[3646, 5222, 5171]]
[[4796, 1159, 92, 1361, 1354, 1352, 1350, 1349, 1351, 1353, 1355, 2582, 7570, 7569, 1419, 6600, 6599, 6598, 1417, 6736, 5107, 7613, 7127]]
[[5373, 3740, 3741, 5437, 3743, 5438, 5439, 5440, 5444], [4643, 164, 3277, 3276, 3278, 3280]]
[[709, 5228, 5231, 5238, 5240, 5232, 5237, 5234, 5233, 33, 4469, 612, 4605, 7295, 2289, 512, 514, 516, 308, 518, 520, 4806, 4589, 4597, 4599, 5133], [2581, 5098, 7571, 2583, 1358, 1360, 220, 789, 4791], [4794, 794, 4788, 5375, 3696, 3699, 796, 797, 2165, 4786, 3016, 3015, 3014, 5336, 5327, 2167, 5405, 2166]]
[[7065, 7064, 7062], [2952, 2951, 5764, 5765, 5767, 5769], [3280, 3278, 3276, 3277, 164, 4643, 4644, 4650, 4651, 4629, 6183, 93, 1158, 92, 1361, 1354, 1352, 1342, 1341, 1333, 1332, 2392, 1009, 1004, 1641, 2172, 2174, 2175, 2176]]
[307, 309, 526, 518, 520, 4806, 4589, 4597, 4599, 5133, 531, 6855, 2327, 4550, 4551, 2326, 4552, 4612, 4613, 2581, 5098, 7571, 2583, 2586, 1357, 2585, 1356, 1354, 1352, 1350, 1349, 1351, 1353, 1355, 'same']
[[7509, 6304, 198, 197, 196, 7454, 5059, 195, 6796, 6782, 7715, 5563, 194, 193, 5588, 5596, 186, 187, 5575, 188, 5577, 189, 5646, 5647, 5694, 5695, 5696], [2952, 2951, 5764, 5765, 5767, 5769], [3280, 3278, 3276, 3277, 164, 4643, 4644, 4650, 4651, 4629, 6183, 93, 1158, 92, 1361, 1354, 1352, 1350, 1349, 1351, 1353, 1355, 2582]]
[[2581, 5098, 7571, 2583, 1358, 1360, 220, 789, 4791], [4794, 794, 2151, 2153, 3734, 5373, 3740, 3741]]
[[2111, 2109, 2106, 2107, 2100, 6188, 6187]]
[[7329, 2675, 2671, 2676, 2673, 7338, 2468, 6813, 6826, 6845], [7457, 18, 290], [607, 604, 609]]
[[6185, 221, 93, 1158, 92, 1361, 1354, 1352, 1342, 1341, 1333, 1332, 2392, 1009, 1003]]
[[4741, 4811, 7424, 7423, 6780, 6779, 4812, 7400, 7398, 7396, 4851, 4852, 6837, 6848, 6847, 6812, 6825, 2469], [2249, 2247, 2243, 1590, 1006, 1005, 2198, 2199, 2200, 1007, 1012, 1331, 1334, 1336, 1335, 1333, 1332, 2392, 1009, 1003]]
[[4389, 4388, 6192, 4384, 4379, 5061, 7504, 5062, 7101, 7093, 7092, 7097, 7098, 7046, 6281, 7065, 7064, 7062, 7067, 7027, 6283, 7031, 2064, 2275, 5693, 173, 156, 5311, 5310, 5313, 5312, 172, 171, 2954, 2952, 2951, 5764, 5765, 5767, 5769, 5748, 3282, 4712, 3280, 3278, 3276, 3277, 164, 4643, 4644, 4650, 4651, 4629, 6183, 93, 1158, 92, 1361, 1354, 1352, 1342, 1341, 1333, 1332, 2392, 1009, 1004, 1641, 2246, 2248, 2261, 2263, 2678, 2468, 6813, 6826, 6845, 6852, 5497]]
[[3338, 3162, 3139, 3165], [3641, 3327, 3639, 3349, 3326, 3646, 5222, 5171, 5181, 5192, 5184, 5189, 5190, 136, 3773, 3782]]
[[1634]]
[[5954, 5955], [2617, 6451, 6449, 6450, 6456]]
[[159, 4660, 1426, 1427, 1430, 1428, 1424, 1420, 2614, 2613, 2612, 2611, 5055, 2588, 1356, 1354, 1352, 1342, 1341, 1333, 1332, 2392, 1009, 1004, 1641, 2246, 2248, 2261, 2263, 2678]]
[[6456, 6450, 6449, 6451, 2617], [6719, 2809, 2808, 2810, 2820], [4796, 1159, 92, 1361, 1354, 1352, 1342, 1341, 1333, 1332, 2392, 1009, 1003, 1000, 1001, 6656, 6653, 423, 4013, 283]]
[[7226, 6408, 3295, 3294, 2989, 116, 1564, 5124, 4559, 7938, 4563, 2987, 6337], [2983, 2345, 6693, 6692, 7625, 7624, 7627, 7628, 2066], [7065, 7064, 7062], [2952, 2951, 5764, 5765, 5767, 5769], [3280, 3278, 3276, 3277, 164, 4643, 4644, 4650, 4651, 4629, 6183, 93, 1158]]
[[7355, 7354, 7357, 7358, 6822, 7356, 6825, 2469, 2264, 2262], [2244, 2242, 2460, 2177, 2173, 1589, 4622, 4556, 4625, 4624]]
[[1351, 1353, 1355, 2584, 1357, 2585, 1356, 1354, 1352, 1350, 2482, 7576, 7578, 1883, 2554, 2556, 1882, 1881, 1880, 2555, 2547, 2545, 2546, 2544, 2542, 2536, 5013, 2531]]
[[3753, 3747, 3692, 3693, 3694, 5433, 4790, 4789, 795, 4792], [4796, 1159, 92, 1361, 1354, 1352, 1342, 1341, 1333, 1332, 2392, 1009, 1004, 1641, 2246, 2248, 2261, 2263, 2464, 2466, 2626, 2467, 2671, 2675, 7332]]
[[7958, 3790, 3789, 3835]]
[[6400, 7226, 6408, 3295, 3294, 2989, 116, 1564, 5124, 4559, 7938, 4563, 2987, 6337], [2983, 2345, 6693, 6692, 7625, 7624, 7627, 7628, 2066], [7065, 7064, 7062], [2952, 2951, 5764, 5765, 5767, 5769], [3280, 3278, 3276, 3277, 164, 4643, 4644, 4650, 4651, 4629, 6183, 93, 221, 6185], [5132, 7304, 7303]]
[[1002, 1007, 1012, 1331, 1334, 1340, 1343, 1351, 1353, 1360, 220, 789, 4791, 790], [5267, 4764, 4948, 123, 4759, 4755, 6712, 6711, 3186, 4756, 4753, 4757, 4758, 2615, 3854]]
[[5144, 5155, 5145], [3646], [3143]]
[[1411, 1522, 7327, 7326, 1521, 4616, 7569, 7572, 7571, 2583, 2586, 1357, 2585, 1356, 1354, 1352, 1342, 1341, 1333, 1332, 1330, 2393, 2389, 1697, 2458, 2456, 620, 616, 7786, 618, 218, 314, 736, 734, 732, 729, 731, 738, 451, 747]]
[[2564, 5020, 1890, 1889, 2481, 7578, 1883, 2605, 7660, 2604, 5030, 1860, 2484, 1859, 2477, 2390, 7558], [6586, 6587]]
[[4796, 1159, 92, 1361, 1354, 1352, 1350, 1349, 1351, 1353, 1355, 2582, 7570, 7569, 1419, 6600]]
[[1396, 1397, 4339, 4340, 1552, 4455, 1549, 3294, 2989, 116, 1564, 5124, 4559, 7938, 4563, 2987, 6337], [2983, 2345, 6693, 6692, 7625, 7624, 7627, 7628, 2066], [7065, 7064, 7062], [2952, 2951, 5764, 5765, 5767, 5769], [3251]]
[[4796, 1159, 1158, 93, 221, 6185], [4595, 4596, 4587, 524, 519, 517, 521, 515, 513, 2288, 512, 2289, 7295, 4605, 612, 4469, 33, 5236, 5235]]
[[7065, 7064, 7062], [2952, 2951, 5764, 5765, 5767, 5769], [3280, 3278, 3276, 3277, 164, 4643, 4644, 4650, 4651, 4629, 6183, 93, 1158, 92, 1361, 1354, 1352, 1342, 1341, 1333, 1332, 2392, 1009, 1004, 1008, 2441, 4623, 4738, 4739, 4622, 4556, 4625, 4624, 1593, 1643, 1642, 2008, 1646]]
[[534, 537, 4598, 4599, 5133], [2581, 5098, 7571, 2583, 1358, 1360, 220, 1157, 221, 93, 6183, 4629, 4651, 4650, 4644, 4643, 164, 3277, 3276, 3278, 3280], [5769, 5767, 5765, 5764, 2951, 2952], [7062, 7064, 7065], [7627, 7624, 7625, 6692, 6693]]
[[1065, 1069, 7680, 1087, 7681, 4943, 1727, 1348, 1347, 1344, 1342, 1341, 1333, 1332]]
[[3753, 3747, 3692, 3693, 3694, 5433, 4790, 4789, 795, 4792], [4796, 1159, 92, 1361, 1354, 1352, 1342, 1341, 1333, 1332, 2392, 1009, 1004, 1641, 2246, 2248, 7342, 2251]]
[[4379, 4505, 4500, 4501, 4502, 4503, 4496, 4507, 4509, 6077, 4517, 4519, 2623, 4532, 6514, 6515]]
[1360, 220, 789, 4791, 790, 4794, 794, 4788, 5375, 3696, 3699, 796, 3570, 3581, 799, 800, 801, 4576, 803, 805, 810, 5261, 814, 4798, 4797, 2297, 2886, 6673, 2887, 3518, 2888, 'same']
[[6275], [7065, 7064, 7062], [2952, 2951, 5764, 5765, 5767, 5769], [3251]]
[[5777, 3468, 144, 4966, 3388, 4798, 4797, 2296, 5281, 5282, 813, 5260, 808, 806, 804, 4575], [4796, 1159, 92, 1361, 1354, 1352, 1342, 1341, 1338, 5113, 5117, 5114, 5116, 5120, 4402, 4411, 6479, 6478, 2610, 1337, 1717, 1719, 2933, 7152, 2405, 5112, 2875]]
[[4796, 1159, 92, 1361, 1354, 1352, 1342, 1341, 1333, 1332, 2392, 1009, 1003], [7810, 7809]]
[[161, 3261, 3266, 3270, 160, 159, 4660, 1426, 1427, 1430, 1428, 1424, 1420, 2614, 2613, 2612, 2611, 5055, 2588, 2585, 2584, 2582, 7570, 4615, 1639, 1636, 1520, 7324, 1631, 2577, 1620, 1567, 1493, 1488, 1482], [4449, 1400]]
[[3699, 796, 797, 2165, 4786, 3016, 3015]]
[[5053, 5054, 5055, 2588, 2585, 2584, 2582, 7570, 7569, 7572, 7137, 5095, 5094]]
[[1237, 3800, 1254, 4763, 4764, 4948, 123, 121, 4947, 2863, 4760, 4761, 3367, 1167], [4796, 1159, 1158, 93, 221, 6185], [4550, 2329, 1444, 1446, 1449, 1447, 140, 3085, 3116, 5455, 5458, 5469, 3427, 139, 5466, 5476, 3095, 5445, 3345, 3344]]
[[4643, 4644, 4650, 4651, 4629, 6183, 93, 1158, 92, 1361, 1354, 1352, 1342, 1341, 1333, 1332, 2392, 1009, 1004, 1641, 2246, 2248, 2261, 2263, 2678, 2679, 2668, 2670, 1680, 1679, 2067, 2068, 2472, 4555, 2010, 2011, 2012, 7659, 2219, 2218]]
[[2952, 2951, 5764, 5765, 5767, 5769], [3251]]
[[2983, 2345, 6693, 6692, 7625, 7624, 7627, 7628, 2066], [7065, 7064, 7062], [2952, 2951, 5764, 5765, 5767, 5769], [3280, 3278, 3276, 3277, 164, 4643, 4644, 4650, 4651, 4629, 6183, 93, 1158, 92, 1361, 1354, 1352, 1342, 1341, 1333, 1332, 2392, 1009, 1004, 1641, 2246, 2248, 7342, 2251]]
[[45, 6659, 46, 6658, 5842, 5843, 2437, 1002, 1007, 1012, 1331, 1334, 1340, 1343, 1351, 1353, 1360, 220, 789, 4791], [4794, 794, 4788, 5375, 3696, 3699, 796, 797, 2165, 4786, 3016, 3015, 3014, 5336, 5327, 2167, 2169, 3625, 3612, 148, 3222, 6011, 3230, 3231, 3226, 5314, 149, 5315, 5699, 3470]]
[[2983, 2345, 6693, 6692, 7625, 7624, 7627, 7628, 2066], [7065, 7064, 7062], [2952, 2951, 5764, 5765, 5767, 5769], [3280, 3278, 3276, 3277, 164, 4643, 4644, 4650, 4651, 4629, 6183, 93, 221, 6185], [4595, 4594, 534, 1840, 4176]]
[[4706, 3274, 164, 4643, 4644, 4650, 4651, 4629, 6183, 93, 1158]]
[[7509], [2960], [2344, 6245, 201, 6244, 2984, 183], [6337, 2987, 4563, 7938, 4559, 5124, 1564, 1722, 4560, 6389, 3292, 6385, 7226]]
[[7404, 4819, 7403, 4854, 4816, 4815, 4814, 4852, 6837, 6848, 6847, 6812, 6825, 2469, 2264, 2262, 2249, 2247, 2243, 1590, 1006, 1005, 2198, 2199, 2200, 1007, 1012, 1331, 1334, 1340, 1343, 1345, 1346, 7567]]
[[3753, 3747, 3692, 3693, 3694, 5433, 4790, 4789, 795, 4792, 791], [1342, 1341, 1338, 1339, 1340, 1343, 1345, 1346, 7567, 7559, 7560, 2390, 7558, 4944, 6577, 6578, 2597, 2478, 2596, 598, 591, 592, 6857, 599, 3925]]
[[4796, 1159, 1158, 93, 221, 6185], [4553, 4548, 4549, 6853, 6854, 7411, 4746, 7412, 4740, 3048, 3049]]
[[1604, 1656, 1654, 2462, 2461, 2178, 2245, 2244, 2242, 2241, 2246, 2248, 2261, 2263, 2678]]
[[5338, 5799, 4111, 4110, 3282, 4712, 3280, 3278, 3276, 3277, 164, 4643, 4644, 4650, 4651, 4629, 6183, 93, 1158, 92, 1361, 1354, 1352, 1342, 1341, 1333, 1332, 1330], [2449, 648]]
[[6750, 6752, 3884, 3876, 3971, 3869, 212, 211, 3857, 6515, 2625, 6514, 4532, 2623, 4520, 4518, 4522], [6456, 6450, 6449, 6451, 2617], [6719, 2809, 2808, 2810, 2820], [4796, 1159, 92, 1361, 1354, 1352, 1342, 1341, 1333, 1332, 2392, 1009, 1004, 1641, 2246, 2248, 7342, 2251, 2252, 7343, 7344, 7340, 287, 7722, 5850]]
[[3955, 3947, 3943, 3939, 3949, 1026, 1086, 1084, 2478, 2597, 7681, 4943, 1727, 1348, 1347, 1344, 1342, 1341, 1338, 1339, 1340, 1343], [4593, 4607, 993, 4610, 4611, 4591]]
[[1048, 1019, 2399, 1017, 2382, 2384, 1331, 1334, 1340, 1343], [1157, 221, 93, 6183, 4629, 4651, 4650, 4644, 4643, 164, 3277, 3276, 3278, 3280, 4712, 3282, 5748, 5769, 5767, 5765, 5764, 2951, 2952, 2954, 171, 172, 5312, 5307, 1724, 1725, 155, 3024, 3025, 5601]]
[[6250, 2345, 6693, 6692, 7625, 7624, 7627], [7065, 7064, 7062], [2952, 2951, 5764, 5765, 5767, 5769], [3280, 3278, 3276, 3277, 164, 4643, 4644, 4650, 4651, 4629, 6183, 93, 1158, 92, 1361, 1354, 1352, 1342, 1341, 1333, 1332, 2392, 1009, 1004, 1641, 2246, 2248, 2261, 2263, 2678, 2468, 6813, 7353, 6821, 6819, 6831, 6833, 6], [246, 72, 554, 579]]
[[2866, 2863, 4760, 4761, 3367, 1167, 4771, 7239, 7241, 2282, 1303, 3567, 4579, 4576, 803, 804, 802, 4201, 4200, 4199]]
[[5244, 6726, 6727, 7580, 7582, 547, 7584, 7585, 549, 6854, 6856, 6855, 2327, 4550, 4551, 2326, 4552, 4612], [2581, 5098, 7571, 2583, 1358, 1360, 220, 789, 4791], [4794, 794, 4788, 5375, 3696, 3699, 796, 3570, 3581, 799, 800, 801, 4576, 803, 805, 810, 5261, 814, 4798, 2759, 3027, 2787, 815, 5288, 2890, 2949, 2788, 5787, 5785]]
[[4463, 4466, 2599, 2600, 2475, 7559, 7560, 2602, 1347, 1344, 1342, 1341, 1333, 1332, 1330]]
[[1157, 221, 93, 6183, 4629, 4651, 4650, 4644, 4643, 164, 3277, 3276, 3278, 3280], [5769, 5767, 5765, 5764, 2951, 2952], [5696, 5695, 5694, 5647, 5646, 189, 5577, 188, 5575, 187, 186, 5596, 5588, 193, 194, 5563, 7715, 6782, 6796, 195, 5059, 7454, 196, 197, 198, 6304, 7509]]
[[2855]]
[[230, 82, 77, 234, 856], [52, 1035, 1034]]
[[2479, 2480, 1349, 1351, 1353, 1355, 2582, 7570], [5132, 7304, 7303], [4141, 4140]]
[[6117, 6113, 6112, 4397, 4388, 6192, 4384, 4379, 5061, 7504, 5062, 7101, 7093, 7092, 7097, 7098, 7046, 6281, 7065, 7064, 7062, 7067, 7027, 6283, 7031, 2064, 2275, 5693, 173, 156, 5311, 5310, 5313, 5312, 172, 171, 2954, 2952, 2951, 5764, 5765, 5767, 5769, 5748, 3282, 4712, 3280, 3278, 3276, 3277, 164, 4643, 4644, 4650, 4651, 4629, 6183, 93, 1158, 92, 1361, 1354, 1352, 1342, 1341, 1333, 1332, 1330, 4583, 1015, 2394, 2381, 2396, 630, 2397, 1557, 2428, 4231, 4264, 4915, 4911, 4919]]
[[2322, 4887, 3047, 4844, 4741, 4893, 4747, 6856, 6855, 2327, 4550, 4551, 2326, 4552], [2581, 5098, 7571, 2583, 1358, 1360, 220, 789, 4791, 790], [5267, 4764, 4948, 123, 121, 4946, 1855, 6679, 1856, 1857, 1222, 1287, 1230, 3037]]
[[5695], [2952, 2951, 5764, 5765, 5767, 5769], [3280, 3278, 3276, 3277, 164, 4643, 4644, 4650, 4651, 4629, 6183, 93, 1158, 92, 1361, 1354, 1352, 1342, 1341, 1333, 1332, 1330]]
[[5843, 2437, 1002, 1007, 1012, 1331, 1334, 1340, 1343, 1351, 1353, 1360, 220, 1157, 221, 93, 6183, 4629, 4651, 4650, 4644, 4643, 164, 3277, 3276, 3278, 3280, 4712, 3282, 5748, 5769, 5767, 5765, 5764, 2951, 2952, 2954, 171, 172, 5312, 5307, 1724, 5308, 5309, 5311, 156, 173, 5693, 2275, 2064, 7031, 6283, 7027, 7067, 7062, 7064, 7065, 6281, 7046, 7098, 7097, 7092, 7093, 7101, 5062, 7504, 5061, 4379, 4384, 6192, 4388, 4397, 6112]]
[[7324, 1631, 1653, 1625, 1624, 2914]]
[[784, 781, 4825, 6827], [7355, 7354, 7357, 7358, 6822, 7356, 6825, 2469, 2264, 2262, 2249, 2247, 2245, 2244, 2242, 2460, 2177, 2173, 1589, 1588, 4739, 4737, 4623, 2440, 4558, 922, 920, 921, 390]]
[[3295, 3294, 2989, 116, 1564, 5124, 4559, 7938, 4563, 2987, 6337], [2983, 2345, 6693, 6692, 7625, 7624, 7627, 7628, 2066], [7065, 7064, 7062], [2952, 2951, 5764, 5765, 5767, 5769], [3280, 3278, 3276, 3277, 164, 4643, 4644, 4650, 4651, 4629, 6183, 93, 221, 6185]]
[[6867], [6187, 6188, 2100, 2107, 2106, 2109, 2111, 2116, 2118]]
[[3028, 3027, 2787, 815, 2892, 6704, 3521]]
[[2628, 2661, 4943], [1348, 1347, 1344, 1342, 1341, 1338, 1339, 1340, 1343], [2759]]
[[6603, 7573, 5102, 7572, 7571, 2583, 2586, 1357, 2585, 1356, 1354, 1352, 1342, 1341, 1333, 1332, 2392, 1009, 1003]]
[[2273, 5877, 5873, 6743, 6747, 2274, 2275, 5693, 173, 156, 155, 3024, 5074, 154, 153, 7021, 152, 151, 3983, 4269, 4287, 4315, 3210, 4243, 5779, 5778, 4238, 1311, 5787, 2788, 2949, 2890, 5288], [808, 806, 805]]
[[1680, 2670, 2669, 2264, 2262, 2249, 2247, 2243, 1590, 1006, 1005, 2198, 2199, 2200, 1007, 1012, 1331, 1334, 1340, 1343, 1351, 1353, 1360, 220, 789, 4791, 790], [1900, 4767, 4768, 4766, 4770, 4765, 5267, 4764, 4948, 123, 4759]]
[[7503], [4491, 4483, 4485, 4480, 4475, 4477, 2341, 6239, 311, 4725, 4726, 4724, 4722, 2339, 2343, 4857]]
[7537, 7538, 7534, 7533, 1812, 1809, 1802, 1801, 1804, 1860, 2484, 1859, 2477, 7560, 2602, 1347, 1344, 1342, 1341, 1333, 1332, 2392, 1009, 1003, 1000, 2171, 919, 394, 458, 'same']
[[6185, 221, 93, 1158, 92, 1361, 1354, 1352, 1342, 1341, 1333, 1332, 2392, 1009, 1004, 1641, 2246, 2248, 2261, 2263, 2678, 2468, 6813, 7353, 6821, 7355, 7354, 7357, 7358, 6814, 4870, 4834, 4838, 4837]]
[[7837, 4886, 2322], [3047, 7394, 7388, 7392, 4851, 4852, 6837, 6848, 6847, 6812, 6825, 2469, 2264, 2262, 2249, 2247, 2243, 1590, 1006, 1005, 2202, 2204, 2205, 2207]]
[[3889, 200, 4722, 2339, 4723, 311, 6239, 2960], [7065, 7064, 7062], [2952, 2951, 5764, 5765, 5767, 5769], [3280, 3278, 3276, 3277, 164, 4643, 4644, 4650, 4651, 4629, 6183, 93, 1158, 92, 1361, 1354, 1352, 1342, 1341, 1338, 5113, 5117, 5114, 5116, 5120, 5121, 5119, 5122, 2028, 4430, 2027, 4439]]
[[2952, 2951, 5764, 5765, 5767, 5769], [3280, 3278, 3276, 3277, 164, 4643]]
[[2581, 5098, 7571, 2583, 1358, 1360, 220, 1157, 221, 93, 6183, 4629, 4651, 4650, 4644, 4643, 164, 3277, 3276, 3278, 3280], [5769, 5767, 5765, 5764, 2951, 2952], [7062, 7064, 7065]]
[[5375, 3696, 3699, 796, 3570, 3581, 799, 800, 801, 4576, 803, 805, 810, 5261, 814, 4798, 2759, 3027, 2787, 3034, 2733, 5263, 2699, 4800, 1292, 4804, 4802, 4799, 2690, 5775, 2820, 2810, 2808, 2809, 6719, 1316, 1318, 3671, 1321, 1322, 1323, 2756, 7247, 1324, 7250, 5301, 7252, 7254, 5968, 5957, 7261, 3172, 5955, 1325, 2616, 2617, 6451, 6449, 6450, 6456, 6455, 7265, 2620, 7503, 2622, 6031, 6040, 4523, 4524, 4521, 4531, 4533, 4510, 4511, 4498, 4499, 4489, 4490, 6276, 6279, 6274, 6255, 6254, 7621, 7622, 6249, 2985, 5317, 6247]]
[[4443, 2474, 1083, 4618, 4617, 4463, 4466, 2599, 2600, 2475, 7559, 7560, 2602, 1347, 1344, 1342, 1341, 1338, 1339, 1340, 1343, 1351, 1353, 1360, 220, 789, 4791], [4794, 794, 4788, 5375, 3696, 3699, 796, 3570, 3581, 799, 800, 801, 4576, 803, 805, 810, 5261, 814, 4798, 2759, 3027, 2787, 3034, 2733, 5263, 2699, 4800, 1292, 4804, 4802, 4799, 2690, 5775, 2820, 2810, 2808, 2809, 6719, 1316, 1318, 3671, 1321], [2617, 6451, 6449, 6450, 6456]]
[[7062, 7064, 7065], [2066, 7628, 7627, 7624, 7625, 6692, 6693, 2345, 2983], [6337, 2987, 4563, 7938, 4559, 5124, 1564, 1722, 4560, 6389, 3292, 6369, 6367, 6368, 1547, 1548, 4333, 4332, 4565, 1555]]
[[7478, 7470, 7468, 143, 7467, 7469, 5777, 3468, 144, 4966, 3388, 4798, 4797, 2296, 5281, 5282, 813, 5260, 808, 806, 804, 4575], [4787, 6696, 3695, 3694, 5433, 5432, 5430, 5431, 5427, 167]]
[[4337, 4338, 4340, 1552, 4455, 1549, 3294, 2989, 116, 1564, 5124, 4559, 7938, 4563, 2987, 6337], [2983, 2345, 6693, 6692, 7625, 7624, 7627, 7628, 2066], [7065, 7064, 7062], [2952, 2951, 5764, 5765, 5767, 5769], [3280, 3278, 3276, 3277, 164, 4643], [5444, 5440, 5439, 5438, 3743, 5437, 3741, 3740]]
[[5505, 5500, 5498, 6849, 6847, 6812, 6825, 2469, 2264, 2262, 2249, 2247, 2243, 1590, 1006, 1005, 2198, 2199, 2200, 1007, 1012, 1331, 1334, 1340, 1343, 1351, 1353, 1360, 220, 1157, 221, 93, 6183, 4629, 4651, 4650, 4644, 4643, 164, 3277, 3276, 3278, 3280], [5769, 5767, 5765, 5764, 2951, 2952]]
[[4513, 4511, 4498, 4501, 4500, 4504, 7504, 5062, 7101, 7093, 7092, 7097, 7098, 7046, 6281, 7065, 7064, 7062, 7067, 7027, 6283, 7031, 2064, 2275, 5693, 173, 156, 5311, 5310, 5313, 5312, 172, 171, 2954, 2952, 2951, 5764, 5765, 5767, 5769, 5748, 3282, 4712, 3280, 3278, 3276, 3277, 164, 4643, 4644, 4650, 4651, 4629, 6183, 93, 221, 6185]]
[[1842, 537, 4598, 4599, 5133], [2327, 4550, 4551, 2326, 4552, 4612, 4613, 2581, 5098, 7571, 2583, 2586, 1357, 2585, 1356, 1354, 1352, 1342, 1341, 1333, 1332]]
[[921], [1038, 1037, 1040, 4557, 824, 2442, 1587, 2172, 2174, 2175, 2176, 2459, 2241, 2246, 2248], [2678, 2468, 6813, 6826, 6845, 6846, 6840, 6844, 6838, 6839, 4845, 4892, 4853, 7396]]
[[4796, 1159, 92, 1361, 1354, 1352, 1342, 1341, 1333, 1332, 2392, 1009, 1003], [390, 368]]
[[3095, 5476, 5466, 139, 3427, 5469, 5458, 5455, 3116, 5543, 5542, 1447, 1449, 1450, 1452, 1445, 2328], [2581, 5098, 7571, 2583, 1358, 1360, 220, 789, 4791], [4794, 794, 4788, 5375, 3696, 3699, 796, 3570, 3581, 799, 800, 801, 4576, 803, 805, 810, 5261, 814, 4798, 2759, 3027, 2787, 3034, 2733, 5263, 2699, 4800, 1292, 4804, 4802, 4799, 2690, 5775, 2820, 2810, 2808, 2809, 6719, 1316, 1318, 3671, 1321], [5957, 7261, 3172]]
[[4533, 4510, 4511, 4498, 4501, 4500, 4504, 7504, 5062, 7101, 7093, 7092, 7097, 7098, 7046, 6281, 7065, 7064, 7062, 7067, 7027, 6283, 7031, 2064, 2275, 5693, 173, 156, 5311, 5310, 5313, 5312, 172, 171, 2954, 2952, 2951, 5764, 5765, 5767, 5769, 5748, 3282, 4712, 3280, 3278, 3276, 3250, 3251, 162, 4639, 3257, 3259, 161, 3261, 3266, 3270, 160, 159, 4660, 1426, 158, 5083, 5081, 208, 207, 1027]]
[[454, 464, 431, 396, 443, 452, 412, 426, 414, 435, 736, 314, 2454, 2455, 2457, 1697, 1011, 2383, 1014, 2392, 1009, 1003, 4558, 922]]
[[6515, 2625, 6514, 4532, 4533, 4510, 4511, 4498, 4499, 4489, 4490, 4492, 2986, 7628]]
[[6827], [6822, 7356, 6825, 2469, 2264, 2262, 2249, 2247, 2243, 1590, 1006, 1005, 2198, 2199, 2200, 1007, 1012, 1331, 1334, 1340, 1343, 1351, 1353, 1355, 2584, 1357, 2585, 1356, 1354, 1352, 1350, 2482, 2481, 1889, 1890, 5020, 2564, 1886, 1885, 2553]]
[[4019, 7867, 7868, 7865], [2177, 2173, 1590, 1006, 1005, 2198, 2199, 2200, 1007, 1012, 1331, 1334, 1340, 1343, 1351, 1353, 1360, 220, 789, 4791], [4794, 794, 4788, 5375, 3696, 3699, 796, 3570, 3581, 799, 800, 801, 4576, 803, 805, 810, 5261, 814, 4798, 2759, 3027, 2787, 3034, 2733, 5263, 2699, 4800, 1292, 4804, 4802, 4799, 2690, 5775, 2820, 2810, 2808, 2809, 6719, 1316, 1318, 3671, 1321], [5957, 7261, 3172, 3173, 3174]]
[[4491, 4483, 4484, 6295, 4486, 4487, 2957, 2958]]
[[2569, 2573, 2572], [6896, 6891, 6890]]
[[4224], [1727, 1348, 1347, 1344, 1342, 1341]]
[[5429, 5432, 5433, 4790, 4789, 795, 4792, 791], [2604, 5030, 1860, 1804, 1810, 1812, 7533, 7534, 7546]]
[[6456, 6450, 6449, 6451, 2617], [6719, 2809, 2808, 2810, 2820], [4796, 1159, 92, 1361, 1354, 1352, 1342, 1341, 1333, 1332, 2392, 1009, 1003]]
[[921], [1002, 1007, 1012, 1331, 1334, 1340, 1343, 1345, 1346, 2391, 2601, 4464, 4465, 4466, 1560]]
[[2385, 1663, 1662, 1603, 1602, 1650, 1649, 1595, 586, 587, 4621, 4626, 2609, 7316, 596, 2280, 4737, 4623, 2440, 4558, 922]]
[[144, 4966, 3388, 4798, 4797, 2296, 5281, 5282, 813, 5260, 808, 806, 804, 4575], [2604, 5030, 5036, 5029]]
[[7107, 1987, 1530, 2479, 2480, 1349, 1351, 1353, 1355, 2584, 1357, 2585, 1356, 1354, 1352, 1342, 1341, 1333, 1332, 2392, 1009, 1003]]
[[4159, 1840, 534, 537, 4598, 4599, 5133], [2581, 5098, 7571, 2583, 1358, 1360, 220, 789, 4791, 790]]
[[5126], [5144, 5155, 5145]]
[[7143, 4417, 7140, 7142, 7141, 2428, 4231, 2429, 1558, 1029, 2398, 1017, 2382, 2384, 1331, 1334, 1336, 1335, 1333, 1332, 2392, 1009, 1003]]
[[6521, 2343, 2339, 4723, 311, 6239, 2960], [7065, 7064, 7062], [2952, 2951, 5764, 5750, 5761, 5754]]
[[184], [2983, 2345, 6693, 6692, 7625, 7624, 7627, 7628, 2066], [7065, 7064, 7062]]
[5580, 5578, 5577, 189, 190, 191, 192, 5669, 'same']
[[7661, 2330, 2606, 2607, 7577, 2480, 1349, 1351, 1353, 1355, 2582, 7570, 4615, 1639, 1636, 1520], [1110, 1504, 1495, 1826, 7579, 6731, 6732, 6728, 6724]]
[[6776], [6750, 6752, 3884, 3876, 3971, 3869, 212, 211, 3857, 6515, 2625, 6514, 4532, 2623, 4520, 4518, 4522], [6456, 6450, 6449, 6451, 2617], [6719, 2809, 2808, 2810, 2820], [3032, 1910, 1909]]
[[4072, 7294, 4073, 992, 993, 4610, 4611, 4591, 4588], [2581, 5098, 7571, 2583, 1358, 1360, 220, 789, 4791], [4794, 794, 4788, 5375, 3696, 3699, 796, 3570, 3581, 799, 800, 801, 4576, 803, 805, 810, 5261, 814, 4798, 2759, 3027, 2787, 3034, 2733, 5263, 2699, 4800, 1292, 4804, 4802, 4799, 2690, 5775, 2820, 2810, 2808, 2809, 6719, 1316, 1318, 3671, 1321]]
[[829, 4743, 4421], [4926, 4928], [4593, 4607, 993, 4610, 4611, 4591]]
[[2475, 7559, 7560, 2602, 1347, 1344, 1342, 1341, 1338, 1339, 1340, 1343], [1157, 221, 93, 6183, 4629, 4651, 4650, 4644, 4643, 164, 3277, 3276, 3278, 3280], [5769, 5767, 5765, 5764, 2951, 2952], [5695]]
[[6117, 6113, 6112, 4397, 4388, 6192, 4384, 4379, 5061, 7504, 5062, 7101, 7093, 7092, 7097, 7098, 7046, 6281, 7065, 7064, 7062, 7067, 7027, 6283, 7031, 2064, 2275, 5693, 173, 156, 5311, 5310, 5313, 5312, 172, 171, 2954, 2952, 2951, 5764, 5765, 5767, 5769, 5748, 3282, 4712, 3280, 3278, 3276, 3277, 164, 4643, 4104, 5443, 165, 166, 7872, 793, 7165, 7169, 5435]]
[[6, 6834, 6827, 6836, 6832, 7355, 7354, 6826, 6845, 6852, 5497, 5501, 5504, 5503, 5506, 4745, 4849, 4907, 4896], [5132, 7304, 4595, 4594, 534, 537, 1842]]
[[3413, 3414, 3405, 3118, 3117, 5537, 5529, 3115, 1452, 1445, 2328, 2326, 4552, 4612, 4613, 2581, 5098, 7571, 2583, 2586, 1357, 2585, 1356, 1354, 1352, 1342, 1341, 1333, 1332, 2392, 1009, 1004, 1641, 2172, 2174, 1591, 3040, 944]]
[[2427, 2663, 829, 4743, 4421, 4925, 4926]]
[[4933, 7150, 4423, 4422, 1823, 2431, 4742, 2430, 4406, 1050, 828, 2425, 2424, 2216, 2215, 2213, 2444, 2443, 826]]
[6750, 213, 3977, 3975, 4776, 6769, 6772, 6773, 'same']
[[3889, 200, 4722, 2339, 4723, 311, 6239, 2960], [7065, 7064, 7062], [2952, 2951, 5764, 5765, 5767, 5769], [3280, 3278, 3276, 3277, 164, 4643, 4644, 4650, 4651, 4629, 6183, 93, 1158, 92, 1361, 1354, 1352, 1342, 1341, 1333, 1332, 2392, 1009, 1004, 1641, 2246, 2248, 2261, 2263, 2678, 2468, 6813, 7353, 6821, 6819, 6831, 6833, 6], [246, 72, 554, 579]]
[[1241, 1238, 1237, 3800, 1254, 4763, 4764, 4948, 123, 121, 4947, 2863, 4760, 4761, 3367, 1167], [1342, 1341, 1338, 1339, 1340, 1343, 1345, 1346, 7567, 7559, 7560, 2390, 7558, 4944, 6577, 1085, 1084, 1086]]
[[3855, 210, 6041, 6042, 6045]]
[[1002, 1007, 1012, 1331, 1334, 1340, 1343, 1351, 1353, 1360, 220, 1157, 221, 93, 6183, 4629, 4651, 4650, 4644, 4643, 164, 3277, 3276, 3278, 3280, 4712, 3282, 5748, 5769, 5767, 5765, 5764, 2951, 2952, 2954, 171, 172, 5312, 5307, 1724, 1725, 155, 3024, 3025]]
[[6843, 6842, 6848, 6847, 6812, 6825, 2469, 2264, 2262, 2249, 2247, 2243, 1590, 1006, 1005, 2198, 2199, 2200, 1007, 1012, 1331, 1334, 1340, 1343, 1345, 1346, 7567, 7559, 2476, 1858, 7568, 1861, 5023]]
[[6095, 4682, 6087], [4513, 4511, 4498, 4501, 4500, 4504, 7504, 5062, 7101, 7093, 7092, 7097, 7098, 7046, 6281, 7065, 7064, 7062, 7067, 7027, 6283, 7031, 2064, 2275, 5693, 173, 156, 5311, 5310, 5313, 5312, 172, 171, 2954, 2952, 2951, 5764, 5765, 5767, 5769, 5748, 3282, 4712, 3280, 3278, 3276, 3277, 164, 4643, 4644, 4650, 4651, 4629, 6183, 93, 1158], [1342, 1341, 1338, 1339, 1340, 1343, 1345, 1346, 7567, 7559, 7560, 2390, 7558, 4944, 1729, 1731]]
[[3280, 3278, 3276, 3277, 164, 4643, 4644, 4650, 4651, 4629, 6183, 93, 221, 6185]]
[[4796, 1159, 92, 1361, 1354, 1352, 1350, 1349, 1351, 1353, 1355, 2582, 7570, 7569, 1419, 6600, 6599, 6598, 1417, 6736, 5108]]
[[547, 7584, 7585, 549, 6854, 6856, 6855, 2327, 4550, 4551, 2326, 4552], [2581, 5098, 7571, 2583, 1358, 1360, 220, 1157, 221, 93, 6183, 4629, 4651, 4650, 4644, 4643, 164, 3277, 3276, 3278, 3280], [5769, 5767, 5765, 5764, 2951, 2952], [7062, 7064, 7065], [2066, 7628, 7627, 7624, 7625, 6692, 6693, 2345, 2983], [5124, 1564, 1722]]
[[2270, 5892, 2271, 2272, 2273, 5877, 5873, 6743, 6747, 2274, 2275, 5693, 173, 156, 5311, 5310, 5313, 5312, 172, 171, 2954, 4297, 3482, 2891, 5737, 5728, 3483, 3484]]
[[2338], [7065, 7064, 7062], [2952, 2951, 5764, 5765, 5767, 5769], [3280, 3278, 3276, 3277, 164, 4643, 4644, 4650, 4651, 4629, 6183, 93, 1158], [2604, 5030]]
[[3008, 3009, 798], [800, 801, 4576, 803, 805, 6430, 2284, 2285, 4978]]
[[3477, 6022, 150, 149, 5314, 3226, 3231, 3230, 6011, 3222, 148, 3612, 3625, 2169, 2167, 5327, 5336, 3014, 3015, 3016, 4786, 4787, 6696, 3695, 3694, 5433, 4790, 4789, 795, 4792], [4796, 1159, 92, 1361, 1354, 1352, 1350, 1349, 1351, 1353, 1355, 2582]]
[[7674, 7673, 2421, 2422, 4438, 5870, 2418, 2420, 2419, 2417, 7676, 2031, 2030, 7662, 5118, 5115, 1339, 1340, 1343, 1351, 1353, 1355, 2582, 7570, 7569, 7572, 7137, 5095, 5094, 2608, 4614]]
[[6568, 6574], [6576, 203, 6587, 6586], [1727, 1348, 1347, 1344, 1342, 1341, 1338, 1339, 1340, 1343], [1157, 221, 93, 6183, 4629, 4651, 4650, 4644, 4643, 164, 3277, 3276, 3278, 3280], [5769, 5767, 5765, 5764, 2951, 2952], [5695]]
[[3077, 3071, 3072, 818, 817, 5258, 4802, 4799, 2690, 5775, 4858, 4983, 4961, 4951, 6648, 5776, 4242, 4241, 4240, 4244, 4243, 3210, 4315, 4287, 4269, 3983, 151, 152, 7021, 153, 154, 5074, 3024, 155, 156, 173, 5693], [7062, 7064, 7065, 6281, 7046, 7056, 7091, 7096, 7094, 7077, 7078, 7050, 7068]]
[[5838, 5840, 5839, 8051, 8050, 5836, 2439, 2438, 2437, 1002, 1007, 1012, 1331, 1334, 1340, 1343, 1345, 1346, 7567, 7559, 7560, 2390, 7558]]
[[3502, 2163, 5318], [5334, 5335, 3015, 3016, 4786, 4787, 6696, 3695]]
[[1976, 1975], [1157, 221, 93, 6183, 4629, 4651, 4650, 4644, 4643, 164, 3277, 3276, 3278, 3280], [5769, 5767, 5765, 5764, 2951, 2952], [7062, 7064, 7065], [2963, 3909]]
[[6185, 221, 93, 1158, 92, 1361, 1354, 1352, 1342, 1341, 1338, 5113, 5117, 5114, 5116, 5120, 4402, 4411, 6479, 6478, 2610, 1337, 1717, 1719, 2933]]
[[534, 537, 4598, 4599, 5133], [2581, 5098, 7571, 2583, 1358, 1360, 220, 789, 4791], [4794, 794, 4788, 5375, 3696, 3699, 796, 3570, 3581, 799, 800, 801, 4576, 803, 805, 810, 5261, 814, 4798, 2759, 3027, 2787, 815, 5288, 2890, 2949, 2788, 5787, 1311, 4238, 5778, 5779, 4243]]
[[3894, 3889, 200, 4722, 2339, 4723, 311, 6239, 2341, 4477, 4475, 4476, 4479, 4481, 4478, 4488, 4493, 4494], [6456, 6450, 6449, 6451, 2617], [2808, 2810, 2820, 5775, 2690, 816, 4800, 1292, 2711, 2713]]
[[4787, 6696, 3695, 3694, 5433, 5432, 5430, 5431, 5427, 167, 3744, 5436, 166, 165]]
[[534, 537, 4598, 4599, 5133], [2581, 5098, 7571, 2583, 1358, 1360, 220, 1157, 221, 93, 6183, 4629, 4651, 4650, 4644, 4643, 164, 3277, 3276, 3278, 3280], [5769, 5767, 5765, 5764, 2951, 2952], [7062, 7064, 7065], [2066, 7628, 7627, 7624, 7625, 6692, 6693, 2345, 2983], [6337, 2987, 4563, 7938, 4559, 5124, 1564, 1722, 4560, 6389, 3292, 6369, 6367, 6368, 1547, 1548, 4333, 4332, 4565, 4566, 1554, 1399, 1398]]
[[2759, 3027, 2787, 815, 5288, 2890, 2949, 2788, 5787]]
[[2243, 1590, 1006, 1005, 2198, 2199, 2200, 1007, 1012, 1331, 1334, 1340, 1343, 1351, 1353, 1360, 220, 789, 4791, 790], [5267, 4764, 4948, 123, 121, 4947, 2863, 4760, 1177, 1270, 1272]]
[[5466, 139, 3427, 5469, 5458, 5455, 3116, 5543, 5542, 1447, 1449, 1450, 1452, 1445, 2328, 4551, 4548, 4549], [3048, 3047]]
[[6, 6834, 6827, 6836, 6832, 7355, 7354, 7357, 7358, 6822, 7356, 6825, 2469, 2264, 2262, 2249, 2247, 2243, 1590, 1006, 1005, 2198, 2199, 2200, 1007, 1012, 1331, 1334, 1340, 1343, 1351, 1353, 1355, 2582, 7570, 4615, 1639, 1636, 1520, 7324, 1631, 2577]]
[[6890, 6891, 6896], [3277], [5769, 5767, 5765, 5764, 2951, 2952], [5696, 5695, 5694, 5647, 5646, 189, 5577, 188, 5575, 187, 186, 5596, 5588, 193, 194, 5563, 7715, 6782, 6796, 195, 5059, 7454, 196, 197, 198]]
[[6603, 7573, 5102, 7572, 7571, 2583, 2586, 1357, 2585, 1356, 1354, 1352, 1342, 1341, 1338, 1339, 1340, 1343, 1345, 1346, 7567, 7559, 7560, 2390, 7558]]
[[7340, 7346, 7347, 7345, 7348, 7339, 7350, 7335, 2253, 7334, 7351, 2254, 7336, 2250, 2249, 2247, 2243, 1590], [1331, 1334, 1336, 1335, 1333, 1332, 1330]]
[[2296, 5281, 5282, 813, 5260, 808, 806, 804]]
[436, 449, 443, 452, 412, 426, 414, 435, 736, 314, 2454, 2455, 2457, 1697, 1011, 2383, 1013, 2394, 2381, 2396, 630, 2397, 1557, 1020, 1031, 2424, 2426, 2427, 2663, 829, 4743, 4742, 4426, 1056, 4399, 2436, 'same']
[[125, 1456, 1457, 1458, 527, 529, 523, 4806, 4589, 4597, 4599, 5133], [2581, 5098, 7571, 2583, 1358, 1360, 220, 1157, 221, 93, 6183, 4629, 4651, 4650, 4644, 4643, 164, 3277, 3276, 3278, 3280], [5769, 5767, 5765, 5764, 2951, 2952], [7062, 7064, 7065], [2066, 7628, 7627, 7624, 7625, 6692, 6693, 2345, 2983], [6337, 2987, 4563, 7938, 4559, 5124, 1564, 1722, 4560, 6389, 3292, 6369, 6367, 6368, 1547, 1548, 4333, 4332, 4565, 1555]]
[[1243, 1253, 1258, 1177, 4761, 3367, 1167, 4771, 7239, 7241, 2282, 1303, 3567, 4579, 801, 4580, 4574, 3586, 3009, 798, 797, 4787, 6696, 3695, 3694, 5433, 5432, 5430, 5431, 5427, 167, 3744, 5436, 166, 165, 5443, 4104, 4108, 4106, 4103, 4102]]
[[4394, 4389, 4388, 6192, 4384, 4379, 5061, 7504, 5062, 7101, 7093, 7092, 7097, 7098, 7046, 6281, 7065, 7064, 7062, 7067, 7027, 6283, 7031, 2064, 2275, 5693, 173, 156, 5311, 5310, 5313, 5312, 172, 171, 2954, 2952, 2951, 5764, 5765, 5767, 5769, 5748, 3282, 4712, 3280, 3278, 3276, 3277, 164, 4643, 4644, 4650, 4651, 4629, 6183, 93, 1158, 92, 1361, 1354, 1352, 1342, 1341, 1333, 1332, 2392, 1009, 1004, 1641, 2246, 2248, 2261, 2263, 2678, 2468, 6813, 7353, 6821, 6819, 6831, 6833, 6]]
[[6456, 6450, 6449, 6451, 2617], [6719, 2809, 2808, 2810, 2820], [4796, 1159, 1158, 93, 221, 6185], [5126], [5144, 5155, 5145]]
[[3193, 3184, 3183], [4758, 2615, 3854, 1169, 1295, 1293, 1223]]
[[3122, 3121, 3133, 3129, 3130, 3413, 3414, 3405, 3118, 3117, 5537, 5529, 3115, 1452, 1445, 2328], [2581, 5098, 7571, 2583, 1358, 1360, 220, 1157, 221, 93, 6183, 4629, 4651, 4650, 4644, 4643, 164, 3277, 3276, 3278, 3280], [5769, 5767, 5765, 5764, 2951, 2952], [7062, 7064, 7065]]
[[4800, 1292, 2711, 2708, 2720, 2721]]
[[5343, 5344, 5346, 5345, 5349, 3502, 2163, 5318, 5322, 5321, 5334, 5335, 3015, 3016, 4786, 4787, 6696, 3695, 3694, 5433, 4790, 4789, 795, 4792, 791], [1342, 1341, 1333, 1332, 1330, 2393, 2389, 1697, 2458, 7733, 7734]]
[[2170, 3601, 3600, 3603, 2169, 3625, 3612], [6011, 3230]]
[[802, 804, 4575, 4580, 4574, 3586, 3009, 798, 797, 4787, 6696, 3695, 3694, 5433, 4790, 4789, 795, 4792], [4796, 1159, 92, 1361, 1354, 1352, 1342, 1341, 1333, 1332, 2392, 1009, 1004, 1641, 2246, 2248, 2261, 2263, 2678, 2468, 6813, 7353, 6821, 6819, 6831, 6833, 6, 2370, 502, 56, 57, 503]]
[[6456, 6450, 6449, 6451, 2617], [6719, 2809, 2808, 2810, 2820], [1464, 1215, 1208, 1209, 6434, 2854]]
[[4478, 4488, 4492, 2986, 7628, 2066], [7065, 7064, 7062], [2952, 2951, 5764, 5765, 5767, 5769], [3280, 3278, 3276, 3277, 164, 4643, 4644, 4650, 4651, 4629, 6183, 93, 1158]]
[[2105], [2151, 5375, 3696, 3699]]
[[4585, 1678, 2259, 2255, 2250, 2249, 2247, 2243, 1590, 1006, 1005, 2198, 2199, 2200, 1007, 1012, 1331, 1334, 1340, 1343, 1351, 1353, 1360, 220, 1157, 221, 93, 6183, 4629, 4651, 4650, 4644, 4643, 164, 3277, 3276, 3278, 3280], [5769, 5767, 5765, 5764, 2951, 2952], [7062, 7064, 7065], [2066, 7628, 7627, 7624, 7625, 6692, 6693, 2345, 6250, 6252, 5317]]
[[5384], [175, 176, 177, 4083, 2161, 2163, 3502, 5349, 3501, 3500, 4328]]
[[2515, 2520, 2510, 2500, 1818, 2278, 1766, 2279, 1757, 1755, 1750, 1729, 4944, 4943, 2661, 2628]]
[[2034, 5869, 4438, 5870, 2418, 2420, 2419, 2417, 7676, 2031, 2030, 7662, 5118, 5115, 1339, 1340, 1343, 1351, 1353, 1360, 220, 1157, 221, 93, 6183, 4629, 4651, 4650, 4644, 4643, 164, 3277, 3276, 3278, 3280], [5769, 5767, 5765, 5764, 2951, 2952]]
[5891, 5892, 2271, 2272, 2273, 5877, 5873, 6743, 6747, 2274, 2275, 5693, 173, 5688, 5684, 5685, 'same']
[[6750, 6752, 3884, 3876, 3971, 3869, 212, 211, 3857, 6515, 2625, 6514, 4532, 4533, 4510, 4511, 4498, 4501, 4500, 4504, 7504, 5062, 7101, 7093, 7092, 7097, 7098, 7046, 6281, 7065, 7064, 7062, 7067, 7027, 6283, 7031, 2064, 2275, 5693, 173, 156, 5311, 5310, 5313, 5312, 172, 171, 2954, 2952, 2951, 5764, 5765, 5767, 5769, 5748, 3282, 4712, 3280, 3278, 3276, 3277, 164, 4643, 4644, 4650, 4651, 4629, 6183, 93, 221, 6185], [3787, 3835, 3789, 3790, 3776]]
[[6826, 6845, 6852, 5497, 5501, 5504, 5503, 5506, 4745, 4849, 4907, 4896], [5126], [5144, 5155, 5145]]
[[6456, 6450, 6449, 6451, 2617], [3063, 3064]]
[[1727, 1348, 1347, 1344, 1342, 1341, 1338, 1339, 1340, 1343], [1157, 221, 93, 6183, 4629, 4651, 4650, 4644, 4643, 164, 3277, 3276, 3278, 3280], [5769, 5767, 5765, 5764, 2951, 2952], [5695]]
[[3015, 3016, 4786, 4787, 6696, 3695, 3694, 5433, 4790, 4789, 795, 4792], [4796, 1159, 92, 1361, 1354, 1352, 1342, 1341, 1333, 1332, 2392, 1009, 1004, 1641, 2246, 2248, 2261, 2263, 2678, 2468, 6813, 6826, 6845, 6852, 5497, 5502, 7271, 7276, 5510, 7278, 5511, 7457, 18, 290, 26, 10, 670, 682]]
[[6776], [6515, 2625, 6514, 4532, 4533, 4510], [6257, 6692, 6693, 2345, 2983], [6337, 2987, 4563, 7938, 4559, 5124, 1564, 1722, 4560, 6389, 3292, 6385, 87]]
[[7065, 7064, 7062], [2952, 2951, 5764, 5765, 5767, 5769], [3280, 3278, 3276, 3277, 164, 4643, 4644, 4650, 4651, 4629, 6183, 93, 221, 6185]]
[[2669, 2264, 2262, 2249, 2247, 2243, 1590, 1006, 1005, 2198, 2199, 2200, 1007, 1012, 1331, 1334, 1340, 1343, 1351, 1353, 1355, 2584, 1357, 2587, 2589, 5054, 2611, 2612, 2002, 1899, 5039, 5040, 2573, 2572], [6896, 6891, 6890]]
[[338, 63, 64, 263, 65, 262, 476, 261, 260, 66, 470, 264, 1033, 1329, 281, 51, 52], [1002, 1007, 1012, 1331, 1334, 1340, 1343, 1351, 1353, 1360, 220, 1157], [3277]]
[[2107, 2100, 6188, 6187, 1154, 6185, 221, 93, 6183, 4629, 4651, 4650, 4644, 4643, 164, 3277, 3276, 3278, 3280]]
[[7546, 7534, 7533, 1812, 1809, 1802, 1801, 1804, 1860, 1861, 5023], [1157, 221, 93, 6183, 4629, 4651, 4650, 4644, 4643, 164, 3277, 3276, 3278, 3280], [5769, 5767, 5765, 5764, 2951, 2952], [5695], [198]]
[[7394, 7388, 7392, 4851, 4852, 6837, 6848, 6847, 6812, 6825, 2469, 2264, 2262, 2249, 2247, 2243, 1590, 1006, 1005, 2198, 2199], [1331, 1334, 1336, 1335, 1333, 1332, 1330], [2449, 648]]
[[4551, 4548, 4549, 6853, 540, 544, 7586, 7587, 542, 7583, 7588, 543, 7703, 7581, 7579, 6731, 550, 6725, 6730, 5249, 5246, 1067, 4581, 1465]]
[[7157, 6729, 6725, 6726, 6727, 7580, 7582, 547, 7584, 7585, 549, 6854, 6856, 6855, 2327, 4550, 4551, 2326, 4552], [2581, 5098, 7571, 2583, 1358, 1360, 220, 789, 4791], [4794, 794, 4788, 5375, 3696, 3699, 796, 3570, 3581, 799, 800, 801, 4576, 803, 805, 810, 5261, 814, 4798, 2759, 3027, 2787, 3034, 2733, 5263, 2699, 4800, 1292, 4804, 4802, 4799, 2690, 5775, 2820, 2810, 2808, 2809, 6719, 1316, 1318, 3671, 1321], [5957, 7261, 3172]]
[[287, 7340, 7346, 7347], [2258, 2261, 2263, 2678, 2468, 6813, 6826, 6845, 6852, 5497, 5501, 5504, 5503, 5506, 4745, 4849, 4907, 4896, 4747], [5132, 7304, 4595, 4594, 534, 537, 1842]]
[[1157, 221, 93, 6183, 4629, 4651, 4650, 4644, 4643, 164, 3277, 3276, 3278, 3280], [5769, 5767, 5765, 5764, 2951, 2952], [5695]]
[[3280, 3278, 3276, 3277, 164, 4643, 4644, 4650, 4651, 4629, 6183, 93, 1158, 92, 1361, 1354, 1352, 1342, 1341, 1333, 1332, 2392, 1009, 1004, 1641, 2246, 2248, 2261, 2263, 2678, 2468, 6813, 7353, 6821, 7355, 7354, 7357, 7358, 6814, 4870, 4834, 4822, 6824, 6829, 7362, 6820, 7359]]
[[283, 4013, 423, 282, 1038, 1037, 1040, 4557, 824, 2442, 1587, 2172, 2174, 2175, 2176, 2459, 2241, 2246, 2248], [2678, 2468, 6813, 7353, 6821, 7355, 7354, 7357, 7358, 6814]]
[[1347, 1344, 1342, 1341, 1333, 1332, 2392, 1009, 1004, 1641, 2246, 2248, 2261, 2263, 2678, 2468, 6813, 6826, 6845, 6852, 5497, 5501, 5504, 5503, 5506, 4745, 4849, 4907, 4896]]
[[2462, 2461, 2178, 2245, 2244, 2243, 1590, 1006, 1005, 2198, 2199, 2200, 1007, 1012, 1331, 1334, 1340, 1343, 1351, 1353, 1355, 2584, 1357, 2587, 2589, 5054, 2611, 2612, 2613, 2614, 1421, 1425, 1429, 1431, 1427, 1426, 4660, 159]]
[[6187], [6185, 221, 93, 1158, 92, 1361, 1354, 1352, 1342, 1341, 1333, 1332, 2392, 1009, 1003]]
[[7953, 3103, 3454, 7959, 3088, 7958, 3790, 3789, 3835, 3787, 3822, 538, 535, 537, 4598, 4599, 5133]]
[[7226, 6408, 3295, 3294, 2989, 116, 1564, 5124, 4559, 7938, 4563, 2987, 6337], [2983, 2345, 6693, 6692, 7625, 7624, 7627, 7628, 2066], [7065, 7064, 7062], [2952, 2951, 5764, 5765, 5767, 5769], [3280, 3278, 3276, 3277, 164, 4643, 4644, 4650, 4651, 4629, 6183, 93, 1158, 92, 1361, 1354, 1352, 1342, 1341, 1333, 1332, 2392, 1009, 1003]]
[[1530, 2479, 2480, 1349, 1351, 1353, 1355, 2582, 7570]]
[[534, 537, 4598, 4599, 5133], [2327, 4550, 4551, 2326, 4552, 4612, 4613, 2581, 5098, 7571, 2583, 2586, 1357, 2585, 1356, 1354, 1352, 1350, 2482, 7576, 7578, 1883, 2605, 7660, 2604, 5030, 1860]]
[[3073, 1577, 3683, 4801, 818, 817, 5258, 4802], [4796, 1159, 92, 1361, 1354, 1352, 1342, 1341, 1338, 1339, 1340, 1343, 1345, 1346, 2391, 2601, 4464, 4465, 4467, 7563, 7561, 4618, 2598, 1610, 1469, 1472, 1470]]
[[1157, 221, 93, 6183, 4629, 4651, 4650, 4644, 4643, 164, 3277, 3276, 3278, 3280], [5769, 5767, 5765, 5764, 2951, 2952], [7062, 7064, 7065], [2066, 7628, 7627, 7624, 7625, 6692, 6693, 2345, 2983], [6337, 2987, 4563, 7938, 4559, 5124, 1564, 1722, 4560, 6389, 3292, 6369, 6367, 6368, 1547, 1548, 4333, 4332, 4565]]
[[1491, 1492, 1494, 1501, 1405, 1406, 1407, 1511, 1504], [2590, 2322, 4887, 3047, 7394, 7388, 7392, 4851, 4852, 6837, 6848, 6847, 6812, 6825, 2469, 2672]]
[[3125, 3336, 3149, 3122, 3121, 3133, 3129, 3130, 3413, 3414, 3405, 3118, 3117, 5537, 5529, 3115, 1452, 1445, 2328], [2581, 5098, 7571, 2583, 1358, 1360, 220, 789, 4791], [4794, 794, 4788, 5375, 3696, 3699, 796, 3570, 3581, 799, 800, 801, 4576, 803, 805, 810, 5261, 814, 4798, 2759, 3027, 2787, 3034, 2733, 5263, 2699, 4800, 1292, 4804, 4802, 4799, 2690, 5775, 2820, 2810, 2808, 2809, 6719, 1316, 1318, 3671, 1321], [2617, 6451, 6449, 6450, 6456], [4521, 4531, 4532, 6514, 2625]]
[[3534], [7226, 6408, 3295, 3294, 2989, 116, 1564, 5124, 4559, 7938, 4563, 2987, 6337], [2983, 2345, 6693, 6692, 7625, 7624, 7627, 7628, 2066], [7065, 7064, 7062], [2952, 2951, 5764, 5765, 5767, 5769], [3280, 3278, 3276, 3277, 164, 4643, 4644, 4650, 4651, 4629, 6183, 93, 221, 6185], [5126], [5144, 5155, 5145]]
[[5338, 5799, 4111, 4110, 3282, 4712, 3280, 3278, 3276, 3277, 164, 4643, 4644, 4650, 4651, 4629, 6183, 93, 221, 6185]]
[[2569, 2573, 2572]]
[[4796, 1159, 92, 1361, 1354, 1352, 1342, 1341, 1333, 1332, 2392, 1009, 1004, 1641, 2246, 2248, 2261, 2263, 2678, 2468, 6813, 6826, 6845, 6852, 5497, 5502, 7271, 7276, 5510, 7278, 5511, 7457, 18, 290, 26, 10, 670, 682]]
[[1218, 1857, 1222, 3038, 121, 123, 4759, 4755, 6712, 6711, 3186, 4756, 4753, 4757, 3462, 2687, 6677, 3464, 1573, 2748, 2752, 2745, 3370, 2824, 2684, 2943, 2683, 2757, 2789, 4987]]
[5539, 5538, 5529, 5519, 5516, 5523, 'same']
[[4801, 818, 817, 5258, 4802, 4799, 2690, 5775, 4858, 4983], [152, 7021, 153, 154, 5074], [5695], [5587, 5586]]
[[1089, 1085, 6578, 2597, 7681, 4943, 1727, 1348, 2602, 7567, 7559, 2476, 1858, 7568, 1861, 5023], [2330]]
[[7065, 7064, 7062]]
[[648, 2450, 2448], [1015, 2380, 2384, 1331, 1334, 1340, 1343, 1351, 1353, 1355, 2582, 7570]]
[[6747, 2274, 2275, 5693, 173, 156, 155, 3024, 5074, 154, 153, 7021, 152, 151, 3983, 4269, 4287, 4315, 3210, 4243, 5779, 5778, 4238, 1311, 5787, 2788, 2949, 2890, 5288, 815, 2787, 3034, 2733, 5263, 2699, 4800, 1292, 2711]]
[[3047, 4844, 4741, 4893, 4747, 6856, 6855, 2327, 4550, 4551, 2326, 4552], [2581, 5098, 7571, 2583, 1358, 1360, 220, 789, 4791, 790], [4770, 4765, 1167, 4771, 7239, 7237]]
[[2177, 2173, 1590, 1006, 1005, 2198, 2199, 2200, 1007, 1012, 1331, 1334, 1340, 1343, 1351, 1353, 1360, 220, 1157, 221, 93, 6183, 4629, 4651, 4650, 4644, 4643, 164, 3277, 3276, 3278, 3280], [5769, 5767, 5765, 5764, 2951, 2952]]
[[1842, 537, 4598, 4599, 5133], [2581, 5098, 7571, 2583, 1358, 1360, 220, 1157, 221, 93, 6183, 4629, 4651, 4650, 4644, 4643, 164, 3277, 3276, 3278, 3280], [5769, 5767, 5765, 5764, 2951, 2952], [7062, 7064, 7065], [2066, 7628, 7627, 7624, 7625, 6692, 6693, 2345, 2983], [6337, 2987, 4563, 7938, 4559, 5124, 1564, 1722, 4560, 6389, 3292, 6369, 6367, 6368, 1547, 1548, 4333, 4332, 4565, 1555]]
[[6719, 2809, 2808, 2810, 2820], [4796, 1159, 92, 1361, 1354, 1352, 1350, 1349, 1351, 1353, 1355, 2582, 7570, 4615, 4616, 1526, 1525]]
[[6, 6834, 6827, 6836, 6832, 7355, 7354, 7357, 7358, 6822, 7356, 6825, 2469, 2264, 2262, 2249, 2247, 2243, 1590, 1006, 1005, 2198, 2199, 2200, 1007, 1012, 1331, 1334, 1340, 1343, 1351, 1353, 1360, 220, 1157, 221, 93, 6183, 4629, 4651, 4650, 4644, 4643, 164, 3277, 3276, 3278, 3280], [5769, 5767, 5765, 5764, 2951, 2952], [7062, 7064, 7065]]
[[6719, 2809, 2808, 2810, 2820], [4796, 1159, 92, 1361, 1354, 1352, 1342, 1341, 1333, 1332, 2392, 1009, 1003]]
[[4983, 4961, 4951, 6648]]
[[2952, 2951, 5764, 5765, 5767, 5769], [3280, 3278, 3276, 3277, 164, 4643, 4644, 4650, 4651, 4629, 6183, 93, 1158], [1342, 1341, 1333, 1332, 1330, 2393, 2389, 1697, 2458, 7733, 1018, 7725, 202, 203, 6587, 6593]]
[[1260, 1259, 1175, 7477, 7476, 7474, 143, 1908, 1909, 1910, 4981], [5279, 2707, 2701, 2703, 4800, 1292]]
[[1157, 221, 93, 6183, 4629, 4651, 4650, 4644, 4643, 164, 3277, 3276, 3278, 3280], [5769, 5767, 5765, 5764, 2951, 2952]]
[[3209, 3217, 3211, 5779, 4243, 4244, 4240, 4241]]
[5609, 5610, 5608, 5600, 3025, 3024, 155, 156, 173, 5688, 5683, 5680, 4805, 5653, 5669, 5670, 5671, 5674, 5676, 5675, 'same']
[[648, 2450, 2448], [5267, 4764, 4948, 123, 121, 4946, 1855, 6689, 1212, 2859, 3686, 1207, 1206, 2861, 1927]]
[[4796, 1159, 92, 1361, 1354, 1352, 1342, 1341, 1333, 1332, 2392, 1009, 1004, 1641, 2246, 2248, 2261, 2263, 2678, 2468, 6813, 6826, 6845, 6846, 6840, 6844, 6838, 6839, 4845, 4892, 4853, 7396, 4851, 4814, 4815, 4890]]
[[7594, 4930], [4442, 1436, 7564, 4444, 4443, 2474, 1083, 4618, 4617, 4463, 4466, 2599, 2600, 2475, 7559, 7560, 2390, 7558]]
[[5429, 5432, 5433, 4790, 4789, 795, 4792], [4796, 1159, 92, 1361, 1354, 1352, 1342, 1341, 1333, 1332, 2392, 1009, 1004, 1641, 2246, 2248, 2261, 2263, 2678, 2468, 6813, 7353, 6821, 6819, 6831, 6833, 6]]
[[3702, 3691, 3698, 3693, 3694, 5433, 4790], [1359, 2589, 5054, 2611, 2612, 2613, 2614, 1421, 1425, 1429, 1431, 1427, 1426, 158, 5083, 5081, 208]]
[[4781, 4777, 4776, 3975, 4462, 3974, 3973, 3972, 6053], [6515, 2625, 6514, 4532, 4533, 4510, 4511, 4498, 4501], [7098]]
[[6150, 2230], [6456, 6450, 6449, 6451, 2617], [6719, 2809, 2808, 2810, 2820], [4796, 1159, 1158, 93, 221, 6185], [5126], [5144, 5155, 5145]]
[[1842, 537, 4598, 4599, 5133], [2581, 5098, 7571, 2583, 1358, 1360, 220, 1157, 221, 93, 6183, 4629, 4651, 4650, 4644, 4643, 164, 3277, 3276, 3278, 3280], [5769, 5767, 5765, 5764, 2951, 2952], [5721]]
[[2268, 2269, 5899, 6738, 5900, 2270, 5892, 2271, 2272, 2273, 5877, 5873, 6743, 6747, 2274, 2275, 5693, 173, 156, 5311, 5310, 5313, 5312, 172, 171, 2954, 2952, 2951, 5764, 5765, 5767, 5769], [3251]]
[[7160, 7158, 7156, 7157, 6729, 6730, 5249, 5246, 1067, 4581, 1072, 2473, 1079, 4444, 4443, 2474, 1083, 4618, 4617, 4463, 4466, 2599, 2600, 2475, 2476, 1858, 7568, 2484, 2485, 2490, 2491, 2493, 2492, 2494, 2496, 1781, 1785, 2499, 1792, 1819, 2501, 2505, 2507, 2509, 2511, 2513, 2516, 2519, 2521, 5007, 5005]]
[[1209, 1210, 1216, 1224, 1231, 1295, 1169, 3854, 2615, 3038, 121, 4947, 2863, 4760, 4761, 3367, 1167], [4796, 1159, 92, 1361, 1354, 1352, 1342, 1341, 1333, 1332, 2392, 1009, 1003, 4558, 922, 920, 921, 370, 382, 389, 387, 331, 319, 341]]
[[5556, 5559, 186, 187, 5575], [5695], [155, 3024, 5074, 154, 153, 7021, 152, 151, 3983, 4269, 4287, 4315, 3210, 4243, 5779, 5778, 3236, 3237, 3245, 3238, 7322, 2294, 148, 3612, 3625, 2169, 3603, 3600, 3601]]
[[648, 2450, 2448], [1014, 2392, 1009, 1004, 1641, 2246, 2248, 2261, 2263, 2678, 2468, 6813, 6826, 6845, 6852, 5497, 5501, 5504, 5503, 5506, 4745, 4849, 4907, 4896, 4747], [5132, 7304, 4595, 4594, 534, 533, 535, 538, 3822, 5450, 3824, 3823, 3821, 3820]]
[[5267, 4764, 4948, 123, 121, 4946, 1855, 6689, 1212, 2859]]
[[1038, 1037, 1040, 4557, 824, 4738, 4739, 4622, 4556, 4625, 4624, 1593, 1643, 1644, 2461, 2181, 2183, 2190, 2193, 2196, 1652], [4887]]
[[5505, 5500, 5498, 6849, 6847, 6812, 6825, 2469, 2264, 2262, 2249, 2247, 2243, 1590, 1006, 1005, 2198, 2199, 2200, 1007, 1012, 1331, 1334, 1340, 1343, 1351, 1353, 1360, 220, 1157, 221, 93, 6183, 4629, 4651, 4650, 4644, 4643, 164, 3277, 3276, 3278, 3280]]
[[1535, 1534, 1531, 1528, 1526, 4616, 7569, 7572, 7571, 2583, 1358, 1360, 220, 789, 4791], [4794, 794, 4788, 5375, 3696, 3699, 796, 3570, 3581, 799, 800, 801, 4576, 803, 805, 810, 5261, 814, 4798, 2759, 3027, 2787, 815, 5288, 2890, 2949, 2788, 5787, 5785], [4240]]
[[4379, 5061, 7504, 5062, 7101, 7093, 7092, 7097, 7098, 7046, 6281, 7065, 7064, 7062, 7067, 7027, 6283, 7031, 2064, 2275, 5693, 173, 156, 5311, 5310, 5313, 5312, 172, 171, 2954, 2952, 2951, 5764, 5765, 5767, 5769, 5748, 3282, 4712, 3280, 3278, 3276, 3277, 164, 4643, 4644, 4650, 4651, 4629, 6183, 93, 1158, 92, 1361, 1354, 1352, 1342, 1341, 1333, 1332, 1330]]
[[92, 1361, 1359, 2589, 5054, 2611, 2612, 2613, 2614, 1421, 1423, 7877, 7875]]
[[1002, 1007, 1012, 1331, 1334, 1340, 1343, 1351, 1353, 1360, 220, 789, 4791, 790], [4788, 5375, 3696, 7175, 3697, 3698, 3691, 3700, 3701, 3716, 3717, 5377]]
[[1079, 4444, 4443, 2474, 1083, 4618, 2598, 1610, 1469, 1472, 1478]]
[[1727, 1348, 1347, 1344, 1342, 1341, 1338, 1339, 1340, 1343], [1157, 221, 93, 6183, 4629, 4651, 4650, 4644, 4643, 164, 3277, 3276, 3278, 3280], [5769, 5767, 5765, 5764, 2951, 2952]]
[[2581, 5098, 7571, 2583, 1358, 1360, 220, 789, 4791], [4794, 794, 4788, 5375, 3696, 3699, 796, 3570, 3581, 799, 800, 801, 4576, 803, 805, 810, 5261, 814, 4798, 2759, 3027, 2787, 3034, 2733, 5263, 2699, 4800, 1292, 4804, 4802, 4799, 2690, 5775, 2820, 2810, 2808, 2809, 6719, 1316, 1318, 3671, 1321]]
[[697, 682, 670, 10, 26, 290]]
[[1186, 6637, 1262], [143, 7467, 7469, 5777, 3468, 144, 4966, 3388, 4798, 4797, 2296, 5281, 5282, 813, 5260, 808, 806, 804, 4575], [1342, 1341, 1338, 5113, 4401, 2654, 2653, 2656, 2657, 2658]]
[[823, 822, 4801, 818, 817]]
[[7065, 7064, 7062], [2952, 2951, 5764, 5765, 5767, 5769], [3280, 3278, 3276, 3277, 164, 4643, 4644, 4650, 4651, 4629, 6183, 93, 1158, 92, 1361, 1354, 1352, 1342, 1341, 1333, 1332, 2392, 1009, 1004, 1641, 2246, 2248, 2261, 2263, 2678, 2468, 6813, 6826, 6845, 6852, 5497]]
[[1531, 1528, 1526, 4616, 7569, 7572, 7571, 2583, 1358, 1360, 220, 1157, 221, 6185]]
[[6656, 6653, 423, 282, 1038, 1037, 1040, 4557, 824, 4738, 4739, 4622, 4556, 4625, 4624, 1593, 1643, 1644, 2461, 2181, 2183, 2190, 2193, 2196, 1652], [2068, 2472, 4555, 2664, 2309]]
[[1379], [6896, 6891, 6890]]
[[1331, 1334, 1336, 1335, 1333, 1332]]
[[2941, 3195, 3196, 3673, 2686, 6676, 2687, 3461, 3465, 4755, 6712, 6711, 3186, 4756, 4753, 4757, 4758, 2615, 3038, 121, 4947, 2863, 4760, 4761, 3367, 1167, 4771, 7239, 7241, 2282, 1303, 3567, 4579, 801]]
[[1340, 1343, 1345, 1346, 7567, 7559, 7560, 2390, 7558, 1727]]
[[4550, 2329, 1444, 1446, 1449, 1447, 140, 3085, 3116, 5455, 5458, 5469, 3427, 139, 5466, 5476, 3095, 138, 3092, 3144, 3431, 3090, 3091]]
[[1294, 1300, 3854, 2615, 3038, 121, 4947, 2863, 4760, 4761, 3367, 1167], [4796, 1159, 92, 1361, 1354, 1352, 1342, 1341, 1333, 1332, 2392, 1009, 1004, 1641, 2246, 2248, 2261, 2263, 2678, 2468, 6813, 7353, 6821, 6819, 6831, 6833, 6], [946, 272]]
[[5339, 3491, 3493, 3489, 3488, 5732, 3487, 3485, 3484, 3483, 5728, 5737, 2891, 3482, 4297, 2954, 171, 172, 5312, 5307, 1724, 5308, 5309, 5311, 156, 173, 5693, 2275, 2064, 7031, 6283, 7027, 7067, 7062, 7064, 7065, 6281, 7046, 7098, 7097, 7092, 7093, 7101, 5062, 7504, 4504, 4500, 4501, 4502, 4503, 4496, 4507, 4509, 6077, 4517, 4519, 2623, 4532, 6514, 6515, 3857, 211, 6053, 3972, 3973]]
[[6324, 6328, 6342, 6330, 6329, 6331, 6240, 6243, 6241, 185, 184, 725], [2983, 2345, 6693, 6692, 7625, 7624, 7627, 7628, 2066], [7065]]
[[7351, 2254, 7336, 2250, 2249, 2247, 2243, 1590, 1006, 1005, 2198, 2199, 2200, 1007, 1012, 1331, 1334, 1340, 1343, 1351, 1353, 1360, 220, 789, 4791, 790], [1900, 4767, 4768, 4766, 4770, 4765, 5267, 4764, 4948, 123, 4759, 4755, 6712, 6711, 3186, 4756, 4753, 2825, 2934]]
[[2581, 5098, 7571, 2583, 1358, 1360, 220, 1157, 221, 93, 6183, 4629, 4651, 4650, 4644, 4643]]
[[411, 437, 8047, 410], [2437, 1002, 1007, 1012, 1331, 1334, 1336, 1335, 1333, 1332, 2392, 1009, 1004, 1641, 2246, 2248, 2261, 2263, 2678, 2468, 6813, 7353, 6821], [246, 72, 554, 579]]
[[534, 537, 4598, 4599, 5133], [2581, 5098, 7571, 2583, 1358, 1360, 220, 789, 4791], [4794, 794, 4788, 5375, 3696, 3699, 796, 3570, 3581, 799, 800, 801, 4576, 803, 805, 810, 5261, 814, 4798, 2759, 3027, 2787, 3034, 2733, 5263, 2699, 4800, 1292, 4804, 4802, 4799, 2690, 5775, 2820, 2810, 2808, 2809, 6719, 1316, 1318, 3671, 1321], [2617, 6451, 6449, 6450, 6456], [4521, 4531, 4532, 6514]]
[[116, 1564, 5124], [2983, 2345, 6693, 6692, 7625, 7624, 7627, 7628, 2066], [7065, 7064, 7062], [2952, 2951, 5764, 5765, 5767, 5769, 5748, 3282, 4110, 4111, 5799, 5800, 5801, 5824, 5825, 4086, 4084, 4085, 5823], [2159, 2158, 2155, 5384, 5385]]
[[7197, 3702, 3691, 3698, 3693, 3694, 5433, 4790], [4796, 1159, 92, 1361, 1354, 1352, 1350, 1349, 1351, 1353, 1355, 2582]]
[[2952, 2951, 5764, 5765, 5767, 5769], [3280, 3278, 3276, 3277, 164, 4643, 4644, 4650, 4651, 4629, 6183, 93, 1158, 92, 1361, 1354, 1352, 1342, 1341, 1333, 1332, 2392, 1009, 1004, 1641, 2172, 2174, 2175, 2176]]
[[3015, 3016, 4786, 4787, 6696, 3695, 3694, 5433, 4790, 4789, 4788, 2151], [2112]]
[[5695], [5074, 154, 153, 7021, 152], [5779, 5778, 4238, 1311, 5787, 2788, 2949, 2890, 5288, 815, 2787, 3034, 2733, 5263, 2699]]
[[7216], [3496, 3500, 3501, 5349, 3502, 2163, 5318, 5322, 5321, 5334, 5335, 3015, 3016, 4786, 4787, 6696, 3695, 3694, 5433, 4790, 4789, 795, 4792], [4796, 1159, 92, 1361, 1354, 1352, 1342, 1341, 1333, 1332, 1330], [2449, 648]]
[[5843, 2437, 1002, 1007, 1012, 1331, 1334, 1340, 1343, 1351, 1353, 1360, 220, 1157, 221, 93, 6183, 4629, 4651, 4650, 4644, 4643, 164, 3277, 3276, 3278, 3280], [5769, 5767, 5765, 5764, 2951, 2952], [7062, 7064, 7065, 6281, 7046, 7056, 7091, 7096, 7094, 7077]]
[[1206, 1207, 3686, 2859, 1204, 1205, 2866, 2863, 4760, 4761, 3367, 1167], [4796, 1159, 92, 1361, 1354, 1352, 1342, 1341, 1333, 1332, 2392, 1009, 1003]]
[[534, 537, 4598, 4599, 5133]]
[[2617, 6451, 6449, 6450, 6456]]
[[1515, 1516, 2236, 2239, 1519, 7328, 7326, 1521, 4616, 7569, 7572, 7571, 2583, 1358, 1360, 220, 1157, 221, 93, 6183, 4629, 4651, 4650, 4644, 4643, 164, 3277, 3276, 3278, 3280], [5769, 5767, 5765, 5764, 2951, 2952], [7062, 7064, 7065]]
[[8050, 5836, 2439, 2438, 2437, 1002, 1007, 1012, 1331, 1334, 1340, 1343, 1351, 1353, 1360, 220, 789, 4791, 790], [4788, 5375, 3696, 7175, 3697, 3698, 3691, 3702, 7197]]
[[991, 4059, 4073, 992, 993, 4610, 4611, 4591, 4588], [5053, 1385, 1387, 1389, 7869, 7870, 7879, 7878, 1384]]
[[2820, 2810, 4983], [152, 7021, 153, 154, 5074]]
[[7949, 7967, 6320], [2983, 2345, 6693, 6692, 7625, 7624, 7627, 7628, 2066], [7065, 7064, 7062], [2952, 2951, 5764, 5765, 5767, 5769], [3277], [1391, 4691]]
[[180, 1853, 5748, 3282, 4712, 3280, 3278, 3276, 3250, 3251, 162, 4639, 3257, 3259, 161, 3261, 3266, 3270, 160, 159, 4660, 1426, 158, 5083, 5081, 208, 207, 1027, 4210]]
[[26, 290, 18, 7457, 7280, 4905, 7274, 7273, 4912, 5503, 5506, 5505, 5500, 5498, 6849, 6847, 6812, 6825, 2469, 2264, 2262, 2249, 2247, 2243, 1590, 1006, 1005, 2198, 2199, 2200, 1007, 1012, 1331, 1334, 1340, 1343, 1351, 1353, 1360, 220, 789, 4791, 790], [4770, 4765, 1167, 4774, 3368, 4772]]
[[7559, 7560, 2602, 1347, 1344, 1342, 1341, 1338, 1339, 1340, 1343, 1351, 1353, 1355, 2582, 7570, 7569, 7572, 7137, 5095, 5094, 2608, 4614, 4553, 4548, 4549, 6853]]
[[3718], [5385, 5384, 2155, 2158]]
[[1727, 1348, 1347, 1344, 1342, 1341, 1333, 1332, 2392, 1009, 1004, 1008]]
[[4246, 6038, 2622], [6456, 6450, 6449, 6451, 2617], [6719, 2809, 2808, 2810, 2820], [4796, 1159, 92, 1361, 1354, 1352, 1342, 1341, 1333, 1332, 2392, 1009, 1003]]
[[7628, 2986, 4492, 4493, 4494, 7626, 4495, 4496, 4507, 4509, 6077, 4517, 4518, 4522, 4523, 6040, 6031, 2622, 7503, 2620, 7265, 6455, 6456, 6450, 6449, 6451, 2617, 2616, 1325], [4987, 2789, 2757, 2683, 2943, 2684, 2824, 3370, 2745, 2752, 2748, 1573, 2746, 3019, 1575, 3371, 1574, 1173, 1172, 3199, 2695, 2698, 1171]]
[[4052, 4050, 994]]
[[113, 3463, 3461, 3465, 4755, 6712, 6711, 3186, 4756, 4753, 4757, 4758, 2615, 3038, 121, 4947, 2863, 4760, 4761, 3367, 1167, 4771, 7239, 7241, 2282, 1303, 3567, 4579, 801], [4796, 1159, 92, 1361, 1354, 1352, 1342, 1341, 1333, 1332, 2392, 1009, 1004, 1641, 2246, 2248, 2261, 2263, 2678, 2468, 6813, 6826, 6845, 6846, 6840, 6844, 6838, 6839, 4845, 4892, 4900, 7401, 4813]]
[[4173, 4174, 4172], [4159, 1840, 534, 537, 4598, 4599, 5133], [4747, 4896, 4907, 4849, 4745, 5499, 5498, 6849, 6847, 6812, 7357, 7358]]
[[562], [6, 6834, 6827, 6836, 6832, 7355, 7354, 7357, 7358, 6822, 7356, 6825, 2469, 2264, 2262, 2249, 2247, 2243, 1590, 1006, 1005, 2198, 2199, 2200, 1007, 1012, 1331, 1334, 1340, 1343, 1345, 1346, 7567, 7559, 2476, 1858, 7568, 1861, 5023]]
[[4399, 4344, 7672, 7674, 7673, 2421, 2422, 4438, 5870, 2418, 2420, 2419, 2417, 7676, 2031, 2030, 7662, 5118, 5115, 1339, 1340, 1343, 1351, 1353, 1360, 220, 1157, 221, 93, 6183, 4629, 4651, 4650, 4644, 4643, 164, 3277, 3276, 3278, 3280], [5769, 5767, 5765, 5764, 2951, 2952], [7062, 7064, 7065], [2066, 7628, 7627, 7624, 7625, 6692, 6693, 2345, 2983], [6337, 2987, 4563, 7938, 4559, 5124, 1564, 1722, 4560, 6389, 3292]]
[4584, 2448, 218, 2454, 2455, 2457, 1697, 1011, 2383, 1014, 2392, 1009, 1004, 1641, 2172, 2174, 2175, 2176, 2459, 41, 7865, 7868, 'same']
[[2432, 1056, 4399], [2598, 1610, 1469, 1472, 1478, 1486, 1493, 1508, 2578, 1519, 7328, 7326, 1521, 4616, 4615, 1639, 1637, 1638, 7206]]
[[4508, 4512, 4513, 4511, 4498, 4501], [7098], [7065, 7064, 7062]]
[[3295, 3294, 2989, 116, 1564, 5124, 4559, 7938, 4563, 2987, 6337], [2983, 2345, 6693, 6692, 7625, 7624, 7627, 7628, 2066], [7065, 7064, 7062], [2952, 2951, 5764, 5765, 5767, 5769], [3280, 3278, 3276, 3277, 164, 4643, 4644, 4650, 4651, 4629, 6183, 93, 1158, 92, 1361, 1354, 1352, 1342, 1341, 1333, 1332, 2392, 1009, 1004, 1641, 2246, 2248, 2261, 2263, 2678, 2468, 6813, 6826, 6845, 6852, 5497, 5502, 7271, 7276, 5510, 7278, 5511, 7457, 18, 290, 26, 10, 670, 682]]
[[1340, 1343, 1345, 1346, 7567, 7559, 7560, 2390, 7558], [4224]]
[[1320, 2797, 820, 3197, 1571, 6470, 6467, 6468, 112], [113, 3463, 3464, 1573, 2748]]
[[7062, 7064, 7065]]
[[6456, 6450, 6449, 6451, 2617], [3672, 4952]]
[[6450, 6449, 6451, 2617], [6719, 2809, 2808, 2810, 2820], [4796, 1159, 92, 1361, 1354, 1352, 1342, 1341, 1333, 1332, 2392, 1009, 1004, 1641, 2246, 2248, 2261, 2263, 2678]]
[1353, 1355, 2584, 1357, 2585, 1356, 1354, 1352, 1342, 1341, 1333, 1332, 1330, 2393, 2389, 1697, 2458, 2456, 620, 616, 7786, 618, 615, 643, 632, 635, 627, 625, 645, 626, 'same']
[[4643, 164, 3277, 3276, 3278, 3280], [5769, 5767, 5765, 5764, 2951, 2952], [7062, 7064, 7065], [2066, 7628, 7627, 7624, 7625, 6692, 6693, 2345, 2983], [6337, 2987, 4563, 7938, 4559, 5124, 1564, 1722, 4560, 6389, 3292, 6369, 6367, 6368, 1547, 1548, 4333, 4332, 4565]]
[[3512, 6634, 7492, 3035, 3029, 3515, 3028, 3027, 2787, 815, 5288, 2890, 2949, 2788, 5787, 1311, 4238, 5778, 5779, 4243, 3210, 4315, 4287, 4269, 3983, 151, 152, 7021, 153, 154, 5074, 3024, 155, 156, 173, 5693, 5696, 5695, 5694, 5647, 5646, 189, 5577, 188, 5575, 187, 186, 5596, 5588, 193, 194, 5563, 7715, 6782, 6796, 195, 5059]]
[[2952, 2951, 5764, 5765, 5767, 5769], [3280, 3278, 3276, 3277, 164, 4643, 4644, 4650, 4651, 4629, 6183, 93, 221, 6185]]
[[1064, 1025, 2478, 2597]]
[[6337], [6456, 6450, 6449, 6451, 2617]]
[[1766, 2279, 1756, 1754, 1753, 1859, 2477, 7560, 2602, 1347, 1344, 1342, 1341, 1338, 1339, 1340, 1343, 1351, 1353, 1355, 2582, 7570, 7569, 7572, 7137, 5095, 5094, 2608, 4614, 4553, 4548, 4549, 6853]]
[[1097, 1088, 1084, 2478, 2597, 7681, 4943, 1727, 1348, 1347, 1344, 1342, 1341, 1338, 1339, 1340, 1343], [1157, 221, 93, 6183, 4629, 4651, 4650, 4644, 4643, 164, 3277, 3276, 3278, 3280], [5769, 5767, 5765, 5764, 2951, 2952], [5695]]
[[56, 57, 503, 7741, 58, 59, 345, 343, 341, 319, 331, 387, 389]]
[[4707, 4706, 3274, 164, 4643, 4644, 4650, 4651, 4629, 6183, 93, 221, 6185], [3455, 3447, 3446, 3299, 6684, 5474, 6682, 6681]]
[[6150, 2230], [6456, 6450, 6449, 6451, 2617], [6719, 2809, 2808, 2810, 2820], [4787, 6696, 3695, 3693, 3698, 3691, 3702, 3703, 3704, 3705]]
[[3684, 1202, 1203, 1204, 1205, 2866, 2863, 4760, 4761, 3367, 1167], [4796, 1159, 1158, 93, 221, 6185], [5132, 7304, 4595, 4594, 534, 537, 1842]]
[[996]]
[[2219, 2217, 2307, 2010, 4555, 2472, 2302, 2300, 4586, 4585, 1678, 2259, 2255, 2250, 2249, 2247, 2243, 1590, 1006, 1005, 2198, 2199, 2200, 1007, 1012, 1331, 1334, 1340, 1343, 1351, 1353, 1360, 220, 1157, 221, 93, 6183, 4629, 4651, 4650, 4644, 4643, 164, 3277, 3276, 3278, 3280], [5769, 5767, 5765, 5764, 2951, 2952], [7062, 7064, 7065], [2960, 6239, 311, 4725, 4726, 4724, 4722, 2339, 2343]]
[[2952, 2951, 5764, 5750, 5761, 180, 3490, 179, 5745, 4118, 5337, 5338], [5826, 4092]]
[[6867], [2581, 5098, 7571, 2583, 1358, 1360, 220, 789, 4791], [4794, 794, 4788, 5375, 3696, 3699, 796, 3570, 3581, 799, 800, 801, 4576, 803, 805, 810, 5261, 814, 4798, 2759, 3027, 2787, 3034, 2733, 5263, 2699, 4800, 1292, 4804, 4802, 4799, 2690, 5775, 2820, 2810, 2808, 2809, 6719, 1316, 1318, 3671, 1321]]
[[6603, 7573, 5102, 7572, 7571, 2583, 2586, 1357, 2585, 1356, 1354, 1352, 1342, 1341, 1333, 1332, 2392, 1009, 1004, 1641, 2246, 2248, 2261, 2263, 2678, 2468, 6813, 7353, 6821, 6819, 6831, 6833, 6]]
[[7364, 4890, 4815, 4814, 4852, 4853, 7396], [547, 7588, 543, 7703]]
[[4796, 1159, 92, 1361, 1354, 1352, 1342, 1341, 1338, 1339, 1340, 1343, 1345, 1346, 2391, 2601, 4464, 4465, 4467]]
[[599, 597, 590, 6861, 593, 594, 588, 2596, 2478, 2597, 7681, 4943, 1727, 1348, 1347, 1344, 1342, 1341, 1338, 1339, 1340, 1343], [4550, 2329, 1444, 1446, 1450, 1452, 3115, 5529, 5537, 3117, 3118, 3405, 3414, 3413, 3130, 3129, 3133, 3121, 3122, 3149, 3336, 5554]]
[[7661, 2330, 2606, 1883, 2554], [1884, 1890, 5020], [2569, 2567]]
[7636, 7632, 7630, 7629, 4572, 7626, 4495, 4496, 4507, 4509, 6077, 4517, 4518, 4522, 4523, 6040, 6031, 2622, 7503, 2620, 7265, 6455, 6456, 'same']
[[7938, 4563, 2987, 6337], [2983, 2345, 6693, 6692, 7625, 7624, 7627, 7628, 2066], [7065, 7064, 7062], [5074, 154, 153, 7021, 152]]
[[2151, 5375, 3696, 3699], [1900, 4767, 4768, 4766, 4770, 4765, 5267, 4764, 4948, 123, 4759, 4755, 6712, 6711, 3186, 4756, 4753, 4757, 3462, 2687, 6677, 3464, 1573, 2746]]
[[534, 537, 4598, 4599, 5133], [2581, 5098, 7571, 2583, 1358, 1360, 220, 1157, 221, 93, 6183, 4629, 4651, 4650, 4644, 4643, 164, 3277, 3276, 3278, 3280, 4712, 3282, 5748, 5769, 5767, 5765, 5764, 2951, 2952, 2954, 171, 172, 5312, 5307, 1724, 5308, 5309, 5311, 156, 173, 5693, 2275, 2274, 6747, 6743, 5873, 5877, 2273, 2272, 2271]]
[[4796, 1159, 92, 1361, 1354, 1352, 1342, 1341, 1333, 1332, 2392, 1009, 1003, 1000, 1001, 6656, 6653]]
[[2780, 2781], [4796, 1159, 1158, 93, 221, 6185]]
[[819, 821, 1569, 823, 822, 4801, 818, 817, 5258], [4578, 3590]]
[[2581, 5098, 7571, 2583, 1358, 1360, 220, 789, 4791], [4794, 794, 4788, 5375, 3696, 3699, 796, 3570, 3581, 799, 800, 801, 4576, 803, 805, 810, 5261, 814, 4798, 2759, 3027, 2787, 3034, 2733, 5263, 2699, 4800, 1292, 4804, 4802, 4799, 2690, 5775, 2820, 2810, 2808, 2809, 6719, 1316, 1318, 3671, 1321], [2617, 6451, 6449, 6450, 6456], [4521, 4531, 4532, 6514, 6515, 3857, 211, 212, 3869, 3971, 3876, 3884, 6752, 6750], [6776]]
[[3630], [2327, 4550, 4551, 2326, 4552, 4612, 4613, 2581, 5098, 7571, 2583, 2586, 1357, 2585, 1356, 1354, 1352, 1342, 1341, 1333, 1332, 2392, 1009, 1003, 4558, 922]]
[[6456, 6450, 6449, 6451, 2617], [6719, 2809, 2808, 2810, 2820]]
[[7065, 7064, 7062], [2952, 2951, 5764, 5765, 5767, 5769], [3280, 3278, 3276, 3277, 164, 4643, 4644, 4650, 4651, 4629, 6183, 93, 1158]]
[[4787, 6696, 3695, 3694, 5433, 5432, 5430, 5431, 5427, 167, 3744, 5436, 166]]
[[7938, 4563, 2987, 6337], [7627]]
[[7392, 4851, 4852, 6837, 6848, 6847, 6812, 6825, 2469, 2264, 2262, 2249, 2247, 2245, 2244, 2242, 2460, 2177, 2173, 1589, 4622, 4556]]
[[4681, 4682, 6087], [4513, 4511, 4498, 4501, 4500, 4504, 7504, 5062, 7101, 7093, 7092, 7097, 7098, 7046, 6281, 7065, 7064, 7062, 7067, 7027, 6283, 7031, 2064, 2275, 5693, 173, 156, 5311, 5310, 5313, 5312, 172, 171, 2954, 2952, 2951, 5764, 5750, 5761, 180]]
[[52, 1035, 1034]]
[[1288, 1233, 1294, 1300, 3854, 2615, 3038, 121, 4947, 2863, 4760, 4761, 3367, 1167], [4796, 1159, 92, 1361, 1354, 1352, 1342, 1341, 1333, 1332, 2392, 1009, 1004, 1641, 2246, 2248, 2261, 2263, 2678, 2468, 6813, 7353, 6821, 6819, 6831, 6833, 6]]
[[4747, 6856, 6855, 2327, 4550, 4551, 2326, 4552, 4612, 4613, 2581, 5098, 7571, 7570, 7569, 7572, 7137]]
[[4110, 3282, 4712, 3280, 3278, 3276, 3277, 164, 4643, 4644, 4650, 4651, 4629, 6183, 93, 1158, 92, 1361, 1354, 1352, 1342, 1341, 1333, 1332, 2392, 1009, 1003, 4558, 922, 920, 921, 370, 382, 389, 387, 331, 319, 341]]
[[2581, 5098, 7571, 2583, 1358, 1360, 220, 789, 4791]]
[[5843, 2437, 1002, 1007, 1012, 1331, 1334, 1340, 1343, 1351, 1353, 1360, 220, 789, 4791], [4794, 794, 4788, 5375, 3696, 3699, 796, 797, 2165, 4786, 3016, 3015]]
[4798, 2759, 3027, 2787, 3034, 2733, 5263, 2699, 4800, 1292, 4804, 4803, 6463, 819, 821, 1569, 1571, 6470, 6467, 6468, 112, 3371, 113, 3463, 3461, 3465, 4755, 6712, 4754, 4752, 3459, 6364, 'same']
[[1396, 1397, 4339, 4340, 1552, 4455, 1549, 3294, 2989, 116, 1564, 5124, 4559, 7938, 4563, 2987, 6337]]
[[4110, 3282, 4712, 3280, 3278, 3276, 3277, 164, 4643, 4644, 4650, 4651, 4629, 6183, 93, 1158, 92, 1361, 1354, 1352, 1342, 1341, 1333, 1332, 2392, 1009, 1004, 1641, 2246, 2248, 2261, 2263, 2678, 2468, 6813, 6826, 6845, 6852, 5497]]
[[1385, 5053, 5054, 5055, 2588, 1356, 1354, 1352, 1342, 1341, 1333, 1332, 2392, 1009, 1004, 1641, 2246, 2248, 2261, 2263, 2678, 2468, 6813, 6826, 6845, 6852, 5497]]
[[5144, 5155, 5145], [3646, 3326, 3349]]
[[2915, 2914, 1624], [7582, 547, 7584, 7585, 549, 6854, 7411, 4746], [7457, 18, 290]]
[[6814, 6822, 7356, 6825, 2469, 2264, 2262, 2249, 2247, 2243, 1590, 1006, 1005, 2198, 2199, 2200, 1007, 1012, 1331, 1334, 1340, 1343, 1351, 1353, 1360, 220, 1157, 221, 93, 6183, 4629, 4651, 4650, 4644, 4643, 164, 3277, 3276, 3278, 3280], [5769, 5767, 5765, 5764, 2951, 2952]]
[[4381, 4380, 4379, 5061, 7504, 5062, 7101, 7093, 7092, 7097, 7098, 7046, 6281, 7065, 7064, 7062, 7067, 7027, 6283, 7031, 2064, 2275, 5693, 173, 156, 5311, 5310, 5313, 5312, 172, 171, 2954, 2952, 2951, 5764, 5765, 5767, 5769, 5748, 3282, 4712, 3280, 3278, 3276, 3277, 164, 4643, 4644, 4650, 4651, 4629, 6183, 93, 1158, 92, 1361, 1354, 1352, 1342, 1341, 1333, 1332, 1330, 4583, 1015, 2394, 2381, 2396, 630, 2397, 1557, 1020, 1031, 2424, 2426, 2427, 2663, 829]]
[[6, 6834, 6827, 6836, 6832, 7355, 7354, 7357, 7358, 6822, 7356, 6825, 2469, 2264, 2262, 2249, 2247, 2243, 1590, 1006, 1005, 2198, 2199, 2200, 1007, 1012, 1331, 1334, 1340, 1343, 1351, 1353, 1355, 2582, 7570, 7569, 7572, 7137, 5095, 5097, 5104, 5099, 7135]]
[[2458, 2457, 1697, 1011, 2383, 1013, 1015, 2380, 2384, 1331, 1334, 1340, 1343], [1157, 221, 93, 6183, 4629, 4651, 4650, 4644, 4643, 164, 3277, 3276, 3278, 3280], [5769, 5767, 5765, 5764, 2951, 2952], [7062, 7064, 7065]]
[[7062, 7064, 7065], [6307, 723, 6232, 6288, 6259]]
[[4722, 2339, 4723, 311, 6239, 2960], [7065, 7064, 7062], [2952, 2951, 5764, 5765, 5767, 5769], [3280, 3278, 3276, 3277, 164, 4643, 4644, 4650, 4651, 4629, 6183, 93, 1158, 92, 1361, 1354, 1352, 1342, 1341, 1333, 1332, 1330, 4583, 1015, 2394, 2381, 2396, 630, 2397, 1557, 1020, 1031]]
[[180, 1853, 5748, 3282, 4712, 3280, 3278, 3276, 3277, 164, 4643, 4644, 4650, 4651, 4629, 6183, 93, 221, 6185], [5126, 4807, 4808, 4810, 5154, 5148, 5150]]
[[293, 5486, 703, 30, 7738, 18, 7457, 7280, 4905, 7274, 7273, 4912, 5503, 5506, 5505, 5500, 5498, 6849, 6847, 6812, 6825, 2469, 2264, 2262, 2249, 2247, 2243, 1590, 1006, 1005, 2198, 2199, 2200, 1007, 1012, 1331, 1334, 1340, 1343, 1351, 1353, 1360, 220, 789, 4791], [4794, 794, 4788, 5375, 3696, 3699, 796, 3570, 3581, 799, 800, 801, 4576, 803, 805, 810, 5261, 814, 4798, 2759, 3027, 2787, 3034, 2733, 5263, 2699, 4800, 1292, 4804, 4802, 4799, 2690, 5775, 2820, 2810, 2808, 2809, 6719, 1316, 1318, 3671, 1321], [2617, 6451, 6449, 6450, 6456]]
[[2433, 2432, 1056, 4399, 4344, 7672, 7674, 7673, 2421, 2422, 4438, 5870, 2418, 2420, 2419, 2417, 7676, 2031, 2030, 7662, 5118, 5115, 1339, 1340, 1343, 1351, 1353, 1360, 220, 789, 4791, 790]]
[[7672, 7674, 7673, 2421, 2422, 4438, 5870, 2418, 2420, 2419, 2417, 7676, 2031, 2030, 7662, 5118, 5115, 1339, 1340, 1343, 1351, 1353, 1360, 220, 789, 4791, 790], [1900, 4767, 4768, 4766, 4770, 4765, 5267, 4764, 4948, 123, 4759]]
[[1859, 2477, 7560, 2602, 1347, 1344, 1342, 1341, 1338, 1339, 1340, 1343], [4794, 794, 4788, 5375, 3696, 3699, 796, 797, 2165, 4786, 3016, 3015, 5335, 5334, 5321, 5322, 5318, 2163, 3502, 5349, 3501, 3500, 3496, 3495]]
[[4243, 5779, 5778, 3236, 3237, 3245, 3238, 7322, 2294, 148, 3612, 3625, 2169, 2167, 5327, 5336, 3014, 3015, 3016, 4786, 4787, 6696, 3695, 3694, 5433, 4790, 4789, 795, 4792], [4796, 1159, 92, 1361, 1354, 1352, 1350, 1349, 1351, 1353, 1355, 2582, 7570, 4615, 1639, 1636, 1520, 7324, 1631, 2577, 2578, 1518, 1517, 1110, 1504, 1495, 1826]]
[[7062, 7064, 7065]]
[[7762, 4794, 794, 4788, 5375, 3696, 3699, 796, 797, 2165, 4786, 3016, 3015, 5335, 5334, 5321, 5322, 5318, 2163, 3502, 5349, 4324, 4323]]
[[5314, 3226, 3231, 3230, 6011, 3222, 148, 3612, 3625, 2169, 2167, 5327, 5336, 3014, 3015, 3016, 4786, 4787, 6696, 3695, 3694, 5433, 4790, 4789, 795, 4792], [4796, 1159, 92, 1361, 1354, 1352, 1342, 1341, 1333, 1332, 1330, 4583, 1015, 2394, 2381, 2396, 630, 2397, 1557, 1020, 1031, 2424, 2426, 2427, 2663, 829]]
[[1627, 1625, 1653, 2577, 2578, 1519, 7328, 7326, 1521], [7571, 2583, 1358, 1360, 220, 1157, 221, 93, 6183, 4629, 4651, 4650, 4644, 4643, 164, 3277, 3276, 3278, 3280], [5769, 5767, 5765, 5764, 2951, 2952], [5661, 5659, 5657, 5658, 5679]]
[[6719, 2809, 2808, 2810, 2820], [4796, 1159, 1158, 93, 221, 6185]]
[]
[[4816, 4815, 4814, 4852, 6837, 6848, 6847, 6812, 6825, 2469, 2264, 2262, 2249, 2247, 2243, 1590, 1006, 1005, 2198, 2199, 2200, 1007, 1012, 1331, 1334, 1340, 1343, 1351, 1353, 1355, 2584, 1357]]
[[4515, 4514, 4513, 4511, 4498, 4501, 4500, 4504, 7504, 5062, 7101, 7093, 7092, 7097, 7098, 7046, 6281, 7065, 7064, 7062, 7067, 7027, 6283, 7031, 2064, 2275, 5693, 173, 156, 5311, 5310, 5313, 5312, 172, 171, 2954, 2952, 2951, 5764, 5765, 5767, 5769, 5748, 3282, 4712, 3280, 3278, 3276, 3277, 164, 4643, 4644, 4650, 4651, 4629, 6183, 93, 1158, 92, 1361, 1354, 1352, 1342, 1341, 1333, 1332, 2392, 1009, 1003]]
[[2581, 5098, 7571, 2583, 1358, 1360, 220, 1157]]
