[28.39, 6454, 6456]
[34.44, 1167, 5267]
[1570.12, 41, 4558]
[71.31, 6437, 7840]
[58.6, 6282, 7064]
[29.7, 1878, 2554]
[59.67, 4793, 790]
[45.31, 2977, 6337]
[222.39, 1154, 221]
[89.15, 791, 4794]
[59.67, 4793, 790]
[441.51, 4741, 4747]
[58.54, 6325, 6337]
[252.4, 1616, 1615]
[10.32, 4562, 116]
[43.13, 7457, 7280]
[62.18, 790, 4796]
['same']
[28.39, 6454, 6456]
[325.35, 1155, 6185]
[108.53, 1790, 1795]
[275.12, 5134, 5132]
[28.39, 6454, 6456]
[59.67, 4793, 790]
[26.21, 2488, 1761]
[447.04, 3138, 3137]
[96.3, 5162, 5222]
[58.6, 6282, 7064]
[325.35, 1155, 6185]
['same']
[62.18, 790, 4796]
[23.23, 2585, 1356]
[191.54, 5650, 5695]
[1163.1, 3371, 4759]
[291.78, 1015, 1331]
[117.62, 6189, 6190]
[26.78, 4795, 791]
[28.39, 6454, 6456]
[62.18, 790, 4796]
[191.54, 5650, 5695]
[59.67, 4793, 790]
[62.18, 790, 4796]
['same']
[58.54, 6325, 6337]
['same']
[59.67, 4793, 790]
[58.6, 6282, 7064]
[34.44, 1167, 5267]
[106.73, 7684, 7682]
[168.86, 2646, 2652]
[83.05, 6639, 1264]
[32.08, 532, 5126]
[70.18, 3028, 3034]
[191.54, 5650, 5695]
[59.67, 4793, 790]
['same']
[97.34, 4799, 5775]
[255.15, 4449, 2830]
[17.44, 6473, 6474]
[1889.33, 6853, 2327]
[62.18, 790, 4796]
[51.27, 3368, 1167]
[58.6, 6282, 7064]
[28.39, 6454, 6456]
[62.18, 790, 4796]
[89.15, 791, 4794]
[119.69, 2612, 2614]
[275.12, 5134, 5132]
[126.46, 5873, 6747]
[102.45, 1150, 2581]
[275.12, 5134, 5132]
[62.08, 8049, 942]
[59.67, 4793, 790]
[76.2, 5839, 6659]
[722.74, 2625, 4532]
[51.09, 7158, 6728]
[291.78, 1015, 1331]
[167.69, 248, 246]
[62.18, 790, 4796]
[59.67, 4793, 790]
['same']
[28.94, 5771, 7470]
[45.31, 2977, 6337]
[89.15, 791, 4794]
[44.8, 7413, 4908]
[71.76, 2176, 2459]
[28.39, 6454, 6456]
[52.93, 964, 958]
[16.47, 1847, 6867]
[7.11, 5227, 5174]
[117.29, 801, 4575]
[21.5, 4745, 5505]
[62.18, 790, 4796]
[62.18, 790, 4796]
[89.15, 791, 4794]
[53.88, 1178, 1455]
[56.12, 3020, 1575]
[89.15, 791, 4794]
[58.33, 7325, 7324]
[43.73, 4594, 4596]
[59.67, 4793, 790]
[209.88, 1039, 1040]
[26.78, 4795, 791]
[15.64, 7642, 7641]
[92.0, 4576, 1900]
[166.32, 3431, 3434]
[58.6, 6282, 7064]
[62.18, 790, 4796]
[62.18, 790, 4796]
['same']
[229.53, 4532, 4533]
[262.4, 2593, 2590]
[312.84, 6126, 6113]
[26.78, 4795, 791]
[28.39, 6454, 6456]
[20.34, 4786, 4787]
['same']
[65.72, 6090, 4682]
[59.67, 4793, 790]
[37.7, 6724, 7157]
[21.38, 2703, 4800]
[124.14, 3977, 6750]
[236.46, 2923, 4208]
[111.86, 4384, 4379]
[34.44, 1167, 5267]
[271.33, 1744, 2601]
[28.39, 6454, 6456]
[327.43, 7837, 2322]
['same']
[71.76, 2176, 2459]
[117.62, 6189, 6190]
['same']
[25.85, 7506, 7517]
[49.95, 7644, 7641]
['same']
[303.97, 1853, 5765]
[34.44, 1167, 5267]
[28.39, 6454, 6456]
[89.15, 791, 4794]
[30.36, 1585, 1584]
[28.39, 6454, 6456]
[42.47, 7322, 6009]
[16.47, 1847, 6867]
[89.15, 791, 4794]
[219.39, 1836, 1469]
[28.31, 2479, 7577]
[161.28, 5344, 4078]
[204.21, 3386, 3388]
[42.88, 2977, 6336]
[165.42, 4835, 4838]
[28.39, 6454, 6456]
[46.43, 3197, 1569]
[107.5, 2941, 3196]
[102.45, 1150, 2581]
[68.8, 5604, 5600]
[58.54, 6325, 6337]
[58.6, 6282, 7064]
[118.77, 1162, 1163]
[62.18, 790, 4796]
['same']
[874.54, 4616, 7571]
[102.45, 1150, 2581]
[85.33, 2459, 2177]
[28.39, 6454, 6456]
[156.11, 2768, 2774]
[109.54, 1462, 1201]
[44.35, 2282, 4770]
[28.39, 6454, 6456]
[28.39, 6454, 6456]
[358.96, 119, 117]
[182.5, 3912, 3925]
[58.6, 6282, 7064]
[58.6, 6282, 7064]
['same']
[16.04, 168, 5429]
[300.83, 4581, 1075]
[486.75, 1525, 4616]
[281.35, 1619, 2575]
[26.78, 4795, 791]
[161.66, 2050, 4456]
[50.84, 248, 72]
[94.67, 3662, 3655]
[51.27, 3368, 1167]
[33.64, 55, 6827]
[82.58, 7037, 6282]
[62.18, 790, 4796]
[38.89, 1546, 6367]
[62.18, 790, 4796]
[62.18, 790, 4796]
[58.53, 2328, 4551]
[65.72, 6090, 4682]
[331.59, 7336, 2249]
[28.96, 2487, 2485]
[94.84, 3030, 3515]
[58.09, 5839, 45]
[113.33, 282, 1038]
[180.78, 5842, 2437]
[268.96, 3788, 3822]
[58.6, 6282, 7064]
[175.8, 1825, 1477]
[51.27, 3368, 1167]
[62.18, 790, 4796]
[45.77, 5259, 4802]
[180.78, 5842, 2437]
[679.4, 3148, 3125]
[150.7, 2245, 2243]
[59.67, 4793, 790]
[122.66, 4546, 4927]
[27.45, 1925, 1927]
[28.39, 6454, 6456]
[23.23, 2585, 1356]
['same']
[43.73, 4594, 4596]
[32.08, 532, 5126]
[429.61, 4778, 6776]
[58.6, 6282, 7064]
[118.77, 1162, 1163]
[59.67, 4793, 790]
[679.4, 3148, 3125]
[62.18, 790, 4796]
[303.97, 1853, 5765]
[62.18, 790, 4796]
[62.18, 790, 4796]
[100.8, 1763, 2490]
[62.18, 790, 4796]
[28.39, 6454, 6456]
[89.15, 791, 4794]
[62.18, 790, 4796]
['no_balanced_path']
[58.6, 6282, 7064]
[58.6, 6282, 7064]
[58.6, 6282, 7064]
[152.8, 1048, 2401]
[32.5, 2097, 2094]
[58.6, 6282, 7064]
[325.35, 1155, 6185]
['same']
[176.43, 2425, 1020]
[169.38, 1833, 1836]
[59.67, 4793, 790]
[62.18, 790, 4796]
[119.27, 5001, 2567]
[58.6, 6282, 7064]
[62.18, 790, 4796]
[89.15, 791, 4794]
[58.6, 6282, 7064]
[120.43, 7825, 7829]
[255.98, 21, 7457]
[45.31, 2977, 6337]
[21.5, 4745, 5505]
[81.04, 1373, 1370]
[40.2, 2602, 1347]
[70.78, 7592, 4928]
[42.1, 314, 2454]
[293.63, 379, 841]
[77.57, 2018, 4409]
[58.6, 6282, 7064]
[20.34, 4786, 4787]
[51.27, 3368, 1167]
[58.6, 6282, 7064]
[52.93, 964, 958]
[248.62, 4449, 4447]
[39.13, 1085, 6578]
[29.91, 1254, 4763]
[221.22, 2439, 2437]
[62.18, 790, 4796]
[417.37, 4825, 6827]
[58.6, 6282, 7064]
[420.35, 2179, 2245]
[351.92, 2046, 2419]
[26.78, 4795, 791]
[45.31, 2977, 6337]
[73.75, 1865, 1868]
[391.21, 1399, 1397]
[874.18, 66, 885]
[294.83, 2560, 2572]
[291.78, 1015, 1331]
[13.42, 1357, 2587]
[89.15, 791, 4794]
[43.73, 4594, 4596]
['same']
[28.39, 6454, 6456]
[143.6, 4618, 7562]
[51.27, 3368, 1167]
['same']
[242.56, 178, 5338]
[381.59, 1154, 93]
[20.34, 4786, 4787]
[412.26, 7577, 1351]
[62.18, 790, 4796]
[58.54, 6325, 6337]
['same']
[22.29, 5233, 33]
[58.6, 6282, 7064]
[78.32, 3032, 3031]
[40.33, 5162, 5170]
[215.3, 4586, 1671]
[87.42, 4424, 7665]
[1889.33, 6853, 2327]
[51.75, 3614, 3617]
[594.04, 4104, 4643]
[28.39, 6454, 6456]
[32.08, 532, 5126]
[58.6, 6282, 7064]
[58.6, 6282, 7064]
[119.27, 5001, 2567]
[60.75, 273, 562]
[163.27, 3222, 2294]
[51.27, 3368, 1167]
[58.6, 6282, 7064]
[42.92, 7034, 6281]
[17.44, 6473, 6474]
[62.18, 790, 4796]
[58.6, 6282, 7064]
[51.27, 3368, 1167]
[19.98, 7011, 4316]
[132.75, 6254, 6257]
[58.54, 6325, 6337]
['same']
[139.4, 4677, 4982]
[125.4, 1154, 6185]
[291.78, 1015, 1331]
[30.75, 6486, 3762]
[87.0, 2007, 2005]
[44.55, 2032, 2030]
[139.8, 41, 2460]
[86.84, 1231, 1293]
[28.39, 6454, 6456]
[43.73, 4594, 4596]
[21.5, 4745, 5505]
[275.12, 5134, 5132]
[79.22, 1598, 1651]
[8.09, 7352, 7351]
['same']
[209.88, 1039, 1040]
[324.03, 1153, 6185]
[43.91, 4983, 2810]
[82.58, 7037, 6282]
[82.46, 597, 6861]
[222.39, 1154, 221]
[140.48, 5025, 2604]
[62.18, 790, 4796]
[62.18, 790, 4796]
[148.86, 99, 703]
[28.39, 6454, 6456]
[59.66, 7422, 6780]
[20.34, 4786, 4787]
[113.98, 1759, 2279]
['same']
[65.26, 5235, 33]
[136.43, 2565, 2572]
[144.89, 1711, 1705]
[28.39, 6454, 6456]
[9.84, 2394, 1015]
[34.27, 6589, 6576]
[82.41, 1708, 1705]
[58.54, 6325, 6337]
[7.11, 5227, 5174]
[138.5, 2618, 6456]
[42.92, 7034, 6281]
[34.27, 6589, 6576]
[34.44, 1167, 5267]
['same']
[28.39, 6454, 6456]
[58.6, 6282, 7064]
[72.22, 1831, 4443]
[44.55, 2032, 2030]
[28.39, 6454, 6456]
[193.25, 4964, 3521]
[21.66, 6044, 6045]
[20.34, 4786, 4787]
['no_balanced_path']
[242.03, 4082, 5823]
[115.25, 939, 937]
['same']
[181.44, 2427, 7142]
[94.2, 1159, 1158]
[203.77, 4865, 4863]
[59.67, 4793, 790]
[50.84, 248, 72]
[310.77, 1643, 2348]
[28.39, 6454, 6456]
[58.6, 6282, 7064]
[303.97, 1853, 5765]
[30.3, 7530, 7543]
[20.34, 4786, 4787]
[22.39, 2985, 6252]
['same']
[62.18, 790, 4796]
['same']
[62.18, 790, 4796]
[398.85, 4585, 2259]
[62.03, 2044, 2042]
[95.89, 924, 79]
[62.18, 790, 4796]
[180.78, 5842, 2437]
[28.39, 6454, 6456]
[116.7, 5600, 3025]
[44.55, 2032, 2030]
[28.39, 6454, 6456]
[18.38, 4680, 4681]
[258.65, 7576, 2606]
[67.32, 4063, 4066]
[88.44, 6068, 6130]
[42.92, 7034, 6281]
[303.97, 1853, 5765]
[852.82, 94, 534]
[28.62, 3842, 3839]
[58.6, 6282, 7064]
[58.54, 6325, 6337]
[180.78, 5842, 2437]
[92.0, 4576, 1900]
[58.6, 6282, 7064]
[38.89, 1546, 6367]
[62.18, 790, 4796]
[58.6, 6282, 7064]
[148.24, 5028, 5030]
[72.63, 7873, 1379]
[38.07, 934, 6664]
[413.9, 7568, 1860]
[77.81, 1158, 92]
[291.78, 1015, 1331]
[101.86, 3943, 3939]
[325.35, 1155, 6185]
[62.18, 790, 4796]
[138.36, 2109, 2115]
[45.31, 2977, 6337]
[111.86, 4384, 4379]
[62.18, 790, 4796]
[9.84, 2394, 1015]
[24.34, 4343, 7673]
[74.67, 815, 3034]
[42.92, 7034, 6281]
[34.44, 1167, 5267]
[100.27, 5035, 7660]
[62.18, 790, 4796]
[104.76, 6282, 7062]
[321.9, 5304, 5303]
[245.42, 3487, 3490]
[51.04, 2097, 2095]
[58.6, 6282, 7064]
[58.6, 6282, 7064]
[45.77, 5259, 4802]
[324.0, 1154, 6186]
[108.49, 2553, 1885]
[71.16, 4786, 797]
[344.79, 7839, 4887]
[62.18, 790, 4796]
[141.87, 1323, 4987]
[11.72, 2626, 2678]
[208.47, 6736, 1418]
[8.7, 2380, 4583]
[89.15, 791, 4794]
[32.08, 532, 5126]
[167.24, 5715, 1461]
[128.96, 2202, 2198]
[62.18, 790, 4796]
[83.17, 5253, 5247]
[92.0, 4576, 1900]
[6.9, 1357, 2586]
[89.15, 791, 4794]
[23.42, 4432, 4431]
['same']
[45.31, 2977, 6337]
[222.39, 1154, 221]
[62.27, 7336, 2250]
[74.44, 2870, 1298]
[303.97, 1853, 5765]
[54.73, 5314, 150]
[373.17, 6814, 7357]
[21.5, 4745, 5505]
[33.64, 55, 6827]
[24.54, 1926, 1923]
[226.45, 6914, 3956]
[62.18, 790, 4796]
[67.94, 5069, 6304]
[62.18, 790, 4796]
[210.03, 1598, 2461]
[681.97, 2289, 514]
[143.99, 1704, 1706]
[62.18, 790, 4796]
[125.4, 1154, 6185]
[153.69, 5900, 5892]
[296.98, 4512, 4511]
[89.15, 791, 4794]
[28.2, 4429, 2024]
[45.31, 2977, 6337]
[62.27, 7336, 2250]
[62.18, 790, 4796]
[28.39, 6454, 6456]
[148.87, 1805, 1787]
[37.7, 6724, 7157]
[16.04, 168, 5429]
[42.92, 7034, 6281]
[59.67, 4793, 790]
[174.76, 165, 4104]
[62.18, 790, 4796]
[171.65, 7674, 2033]
[13.42, 1357, 2587]
[62.18, 790, 4796]
[37.0, 5224, 5227]
['same']
[62.18, 790, 4796]
[576.02, 6192, 4379]
[206.35, 2812, 2943]
['same']
[52.78, 1212, 6689]
[59.67, 4793, 790]
[89.15, 791, 4794]
[199.51, 5458, 3116]
[89.15, 791, 4794]
[303.97, 1853, 5765]
[55.39, 1581, 1578]
[45.31, 2977, 6337]
['same']
[512.67, 671, 691]
['same']
[134.67, 6014, 6012]
[94.2, 1159, 1158]
[42.1, 314, 2454]
[89.15, 791, 4794]
[59.67, 4793, 790]
[20.34, 4786, 4787]
[10.32, 4562, 116]
[58.33, 7325, 7324]
[113.0, 4575, 801]
[10.32, 4562, 116]
[58.6, 6282, 7064]
[58.6, 6282, 7064]
[58.6, 6282, 7064]
[28.39, 6454, 6456]
[82.0, 4802, 4803]
[99.76, 5566, 5575]
[102.45, 1150, 2581]
[47.75, 6114, 6111]
[279.36, 1417, 7573]
[47.25, 1259, 1175]
[28.39, 6454, 6456]
[13.42, 1357, 2587]
[50.84, 248, 72]
[62.18, 790, 4796]
[202.41, 5799, 4110]
[58.09, 5839, 45]
[28.39, 6454, 6456]
[28.39, 6454, 6456]
[45.31, 2977, 6337]
[42.92, 7034, 6281]
[58.54, 6325, 6337]
[253.73, 5063, 4421]
[125.29, 6294, 4486]
[460.81, 2577, 1631]
[71.28, 5906, 5901]
[338.69, 7205, 1633]
[460.01, 1414, 4616]
[42.92, 7034, 6281]
[58.6, 6282, 7064]
[8.09, 7352, 7351]
[65.15, 4685, 4688]
[125.06, 4929, 7594]
[102.45, 1150, 2581]
[58.6, 6282, 7064]
[58.6, 6282, 7064]
[59.67, 4793, 790]
[98.82, 6503, 6504]
[704.23, 4397, 6192]
[89.15, 791, 4794]
[43.91, 4983, 2810]
[189.28, 5877, 6743]
[58.79, 2460, 2177]
[32.08, 532, 5126]
[16.47, 1847, 6867]
[115.13, 6352, 6354]
[89.15, 791, 4794]
[237.47, 2348, 2177]
[62.18, 790, 4796]
[243.24, 2825, 2687]
[62.18, 790, 4796]
[71.91, 1165, 790]
[50.68, 3491, 3492]
[592.74, 3147, 3126]
[79.22, 1598, 1651]
[58.6, 6282, 7064]
[28.39, 6454, 6456]
[21.68, 42, 944]
[59.67, 4793, 790]
[32.08, 532, 5126]
['same']
[50.84, 248, 72]
[102.45, 1150, 2581]
[28.39, 6454, 6456]
[62.18, 790, 4796]
[28.39, 6454, 6456]
[42.92, 7034, 6281]
[34.44, 1167, 5267]
[191.54, 5650, 5695]
[28.39, 6454, 6456]
[23.23, 2585, 1356]
[32.08, 532, 5126]
[28.39, 6454, 6456]
[150.6, 4699, 4691]
[58.6, 6282, 7064]
[70.06, 546, 7586]
[189.15, 1798, 1860]
[32.08, 532, 5126]
[156.11, 2768, 2774]
[43.14, 7609, 7128]
[138.8, 174, 5437]
[20.34, 4786, 4787]
[34.44, 1167, 5267]
[9.84, 2394, 1015]
[28.39, 6454, 6456]
[89.15, 791, 4794]
[59.6, 7053, 7091]
[58.6, 6282, 7064]
['same']
[58.54, 6325, 6337]
[79.22, 1598, 1651]
[28.54, 2410, 2409]
[58.54, 6325, 6337]
[150.35, 904, 7810]
['same']
[62.18, 790, 4796]
['same']
[89.15, 791, 4794]
[43.73, 4594, 4596]
[55.67, 1574, 113]
[43.91, 4983, 2810]
['same']
[95.64, 135, 5185]
[34.44, 1167, 5267]
[58.33, 7325, 7324]
[58.54, 6325, 6337]
[57.68, 2110, 3766]
[188.92, 816, 2699]
[147.82, 1836, 1083]
[28.39, 6454, 6456]
[28.39, 6454, 6456]
[92.0, 4576, 1900]
[41.63, 6651, 2682]
[25.85, 7506, 7517]
[32.25, 2134, 2133]
[147.07, 170, 2891]
[91.72, 2094, 2090]
[257.49, 2743, 5288]
[26.78, 4795, 791]
[83.57, 2444, 2209]
[852.82, 94, 534]
[381.59, 1154, 93]
[303.97, 1853, 5765]
[150.7, 2245, 2243]
[62.18, 790, 4796]
[58.6, 6282, 7064]
[117.59, 1710, 1705]
[92.0, 1900, 4576]
[58.54, 6325, 6337]
[21.76, 4138, 4139]
['same']
[26.78, 4795, 791]
[71.16, 4786, 797]
[62.18, 790, 4796]
[139.8, 41, 2460]
[28.39, 6454, 6456]
[34.44, 1167, 5267]
[27.24, 5323, 5325]
[120.45, 165, 5444]
[58.6, 6282, 7064]
['same']
[54.73, 5314, 150]
[7.11, 5227, 5174]
[58.6, 6282, 7064]
[122.51, 4166, 4164]
[102.45, 1150, 2581]
[351.92, 2046, 2419]
[134.09, 1214, 1282]
[20.34, 4786, 4787]
[58.6, 6282, 7064]
[58.6, 6282, 7064]
[58.54, 6325, 6337]
[40.2, 2602, 1347]
[104.64, 4739, 1010]
[91.25, 3890, 3888]
[357.21, 3266, 160]
[275.12, 5134, 5132]
[381.59, 1154, 93]
[23.2, 2160, 5325]
[331.59, 7336, 2249]
[334.47, 6038, 7503]
[58.6, 6282, 7064]
[117.62, 6189, 6190]
[16.04, 168, 5429]
[253.0, 2660, 1727]
[268.23, 2023, 4402]
[58.6, 6282, 7064]
[395.02, 4429, 2028]
[28.39, 6454, 6456]
[253.0, 2660, 1727]
[209.88, 1039, 1040]
[58.09, 5839, 45]
[43.91, 4983, 2810]
[209.88, 1039, 1040]
[352.71, 4605, 2289]
[248.82, 792, 5375]
[204.21, 3388, 3386]
[150.56, 5319, 5318]
[62.13, 3663, 3666]
[58.6, 6282, 7064]
[52.26, 2704, 2703]
[290.81, 7433, 7430]
[62.18, 790, 4796]
[23.23, 2585, 1356]
[183.07, 6656, 5843]
[62.18, 790, 4796]
[9.84, 2394, 1015]
[113.26, 41, 2459]
[26.16, 2539, 2547]
[1021.82, 5130, 537]
[44.82, 2671, 7330]
[58.54, 6325, 6337]
[182.5, 2269, 6738]
[87.89, 5227, 5181]
[26.78, 4795, 791]
[237.21, 1747, 1727]
[43.91, 4983, 2810]
[33.64, 55, 6827]
[58.6, 6282, 7064]
[81.95, 1313, 4955]
[175.6, 2651, 2659]
[107.32, 3076, 3072]
[89.15, 791, 4794]
[34.27, 6589, 6576]
[395.18, 2400, 1017]
['same']
[161.74, 6984, 6953]
[43.91, 4983, 2810]
[96.13, 5313, 155]
[21.5, 4745, 5505]
[78.86, 639, 648]
['same']
[99.76, 5566, 5575]
[102.45, 1150, 2581]
[43.91, 4983, 2810]
[30.36, 1585, 1584]
[58.6, 6282, 7064]
[127.31, 1649, 1646]
[672.78, 7876, 1423]
[62.18, 790, 4796]
[60.54, 4556, 2280]
[12.09, 6062, 6075]
[41.01, 4600, 5477]
[28.39, 6454, 6456]
[107.6, 3144, 138]
[28.39, 6454, 6456]
[62.18, 790, 4796]
[92.89, 2962, 3909]
[59.67, 4793, 790]
[58.6, 6282, 7064]
[258.4, 2023, 4428]
[75.36, 4633, 791]
[26.78, 4795, 791]
[69.22, 7340, 7346]
[423.98, 4441, 2418]
[243.79, 2748, 1573]
[531.9, 1395, 1385]
[137.76, 3487, 5731]
[222.39, 1154, 221]
[45.31, 2977, 6337]
[51.27, 3368, 1167]
[13.42, 1357, 2587]
[32.08, 532, 5126]
[45.31, 2977, 6337]
[222.39, 1154, 221]
[62.18, 790, 4796]
[26.78, 4795, 791]
[221.41, 1747, 7558]
[58.6, 6282, 7064]
['same']
[10.32, 4562, 116]
[12.02, 3060, 1317]
[62.18, 790, 4796]
[286.75, 4870, 7353]
[28.39, 6454, 6456]
[28.39, 6454, 6456]
[28.39, 6454, 6456]
[167.69, 248, 246]
['same']
[82.14, 6122, 6111]
['same']
[47.08, 1575, 113]
[89.15, 791, 4794]
[11.72, 2626, 2678]
[62.18, 790, 4796]
[58.6, 6282, 7064]
[73.63, 3450, 3455]
[94.2, 1159, 1158]
[58.6, 6282, 7064]
[70.61, 179, 5745]
[28.39, 6454, 6456]
[28.39, 6454, 6456]
[594.04, 4104, 4643]
[182.48, 2051, 2054]
[222.39, 1154, 221]
[34.44, 1167, 5267]
[224.86, 68, 228]
[59.67, 4793, 790]
[102.45, 1150, 2581]
[10.32, 4562, 116]
['same']
[222.39, 1154, 221]
[22.18, 599, 597]
[452.6, 7325, 1637]
[107.49, 1886, 2564]
[576.02, 6192, 4379]
[107.96, 5269, 144]
['same']
[62.18, 790, 4796]
[28.39, 6454, 6456]
[100.75, 4838, 4822]
[28.39, 6454, 6456]
[94.2, 1159, 1158]
[40.2, 2602, 1347]
[58.79, 2460, 2177]
[46.9, 2016, 2013]
[365.8, 2135, 7497]
[852.82, 94, 534]
[28.39, 6454, 6456]
[157.7, 2164, 5363]
[74.38, 2173, 1590]
[21.5, 4745, 5505]
[58.6, 6282, 7064]
[45.31, 2977, 6337]
[89.15, 791, 4794]
[58.54, 6325, 6337]
[56.07, 1667, 1681]
[251.32, 4893, 4896]
[188.92, 816, 2699]
[28.39, 6454, 6456]
[222.39, 1154, 221]
[73.95, 6887, 6896]
[63.0, 213, 3975]
[59.67, 4793, 790]
[45.31, 2977, 6337]
[89.15, 791, 4794]
[233.51, 1858, 2477]
[13.42, 1357, 2587]
[28.39, 6454, 6456]
[407.45, 1850, 7311]
[62.18, 790, 4796]
[186.19, 1834, 2474]
[59.67, 4793, 790]
[58.6, 6282, 7064]
[102.0, 1793, 1797]
[89.15, 791, 4794]
[215.98, 7402, 4900]
[28.31, 2479, 7577]
[28.39, 6454, 6456]
[58.6, 6282, 7064]
[191.54, 5650, 5695]
[92.0, 4576, 1900]
[105.18, 2880, 2877]
[57.17, 5904, 5901]
[221.82, 1029, 630]
[47.0, 2630, 2638]
[28.39, 6454, 6456]
[45.31, 2977, 6337]
['no_balanced_path']
[58.54, 6325, 6337]
[82.14, 6122, 6111]
[167.69, 248, 246]
[89.15, 791, 4794]
[28.39, 6454, 6456]
[343.91, 1030, 1029]
['same']
[45.31, 2977, 6337]
[96.44, 2603, 7661]
[28.39, 6454, 6456]
[16.47, 1847, 6867]
[293.63, 379, 841]
[58.6, 6282, 7064]
[434.24, 1450, 1445]
['same']
[81.99, 824, 4738]
[10.32, 4562, 116]
[266.38, 7206, 1637]
[58.6, 6282, 7064]
[28.62, 3842, 3839]
[194.18, 4434, 4432]
[34.44, 1167, 5267]
[58.6, 6282, 7064]
[28.39, 6454, 6456]
[45.31, 2977, 6337]
[27.45, 4137, 4141]
[52.56, 2488, 2485]
[21.5, 4745, 5505]
[102.45, 1150, 2581]
[196.02, 1647, 1595]
['same']
[67.32, 4063, 4066]
[148.19, 7352, 2258]
[21.98, 7615, 7616]
[89.15, 791, 4794]
[59.84, 5434, 2149]
[108.11, 3662, 7909]
[28.39, 6454, 6456]
[20.34, 4786, 4787]
[21.5, 4745, 5505]
[279.92, 1638, 1640]
[43.91, 4983, 2810]
[229.41, 4459, 1434]
[162.38, 2470, 7329]
[119.27, 5001, 2567]
[16.47, 1847, 6867]
[43.91, 4983, 2810]
[28.39, 6454, 6456]
[28.39, 6454, 6456]
[58.6, 6282, 7064]
[28.39, 6454, 6456]
[250.39, 7203, 1483]
[78.97, 1855, 4947]
[34.27, 6589, 6576]
[16.47, 1847, 6867]
[89.15, 791, 4794]
[147.44, 3690, 3702]
[100.59, 2613, 2611]
[68.0, 1418, 6603]
[221.82, 1029, 630]
[44.35, 2282, 4770]
[28.39, 6454, 6456]
[62.0, 1263, 6709]
[428.22, 1623, 7122]
[73.75, 1865, 1868]
[59.67, 4793, 790]
[89.15, 791, 4794]
[21.5, 4745, 5505]
[45.31, 2977, 6337]
[127.96, 3631, 3630]
[182.5, 3912, 3925]
[785.07, 4104, 164]
[432.29, 7722, 7340]
[58.6, 6282, 7064]
[45.31, 2977, 6337]
[62.18, 790, 4796]
[58.6, 6282, 7064]
[344.3, 4439, 5118]
[1570.12, 41, 4558]
[89.15, 791, 4794]
[256.71, 4918, 4914]
[96.13, 5313, 155]
['same']
[413.85, 1861, 2484]
[18.78, 2586, 2584]
[102.45, 1150, 2581]
[86.36, 4204, 4197]
[58.6, 6282, 7064]
[28.12, 2191, 2193]
[62.18, 790, 4796]
[51.07, 4777, 4782]
[62.18, 790, 4796]
[82.58, 7037, 6282]
[65.26, 5235, 33]
[125.4, 1154, 6185]
[191.29, 2308, 2010]
[62.18, 790, 4796]
[118.77, 1162, 1163]
[40.2, 2602, 1347]
[218.54, 2462, 1603]
[103.17, 1862, 5029]
[402.44, 4585, 1665]
[92.0, 1900, 4576]
[40.2, 2602, 1347]
[102.45, 1150, 2581]
[110.56, 1197, 1463]
[299.6, 1407, 2236]
[177.3, 3064, 3066]
[222.39, 1154, 221]
['same']
[59.67, 4793, 790]
[28.39, 6454, 6456]
[58.6, 6282, 7064]
[130.11, 7367, 7364]
[191.54, 5650, 5695]
[38.89, 1546, 6367]
[242.56, 178, 5338]
[93.92, 106, 711]
[38.39, 1355, 2584]
[93.22, 5165, 5145]
[77.2, 2779, 2778]
[138.06, 2573, 2569]
[71.21, 3203, 6011]
[303.97, 1853, 5765]
[62.18, 790, 4796]
[28.39, 6454, 6456]
[28.39, 6454, 6456]
[62.18, 790, 4796]
[219.03, 5836, 2438]
[275.12, 5134, 5132]
[94.2, 1159, 1158]
[58.6, 6282, 7064]
[725.94, 1667, 2385]
[28.39, 6454, 6456]
[70.4, 1724, 5311]
