[270.11, 283, 423]
[38.33, 1013, 1014]
[38.8, 3825, 3827]
[62.18, 790, 4796]
[59.67, 4793, 790]
[62.0, 1263, 6709]
[59.67, 4793, 790]
[59.67, 4793, 790]
[382.99, 2253, 2261]
['same']
[72.78, 4432, 2022]
[17.84, 7469, 5777]
[160.58, 4510, 4513]
[34.44, 1167, 5267]
['same']
[58.54, 6325, 6337]
[89.15, 791, 4794]
[58.88, 5153, 4808]
[272.98, 4490, 4491]
[58.6, 6282, 7064]
[58.6, 6282, 7064]
[62.18, 790, 4796]
[28.39, 6454, 6456]
[427.16, 2317, 3659]
[17.84, 7469, 5777]
[28.39, 6454, 6456]
[20.34, 4786, 4787]
[94.2, 1159, 1158]
[108.04, 4486, 2957]
[11.72, 2626, 2678]
[102.45, 1150, 2581]
[375.58, 179, 1853]
[62.18, 790, 4796]
[62.18, 790, 4796]
[852.82, 94, 534]
[191.54, 5650, 5695]
[102.45, 1150, 2581]
[191.54, 5650, 5695]
[291.78, 1015, 1331]
[146.83, 1950, 1640]
[181.93, 4101, 4707]
[28.39, 6454, 6456]
[196.24, 5395, 2166]
[44.28, 2701, 2715]
[87.71, 5454, 3421]
[62.18, 790, 4796]
[347.22, 6830, 7357]
[513.91, 816, 815]
[17.84, 7469, 5777]
[62.18, 790, 4796]
[21.5, 4745, 5505]
[33.64, 55, 6827]
[27.45, 4137, 4141]
[28.39, 6454, 6456]
[137.78, 2208, 2204]
[73.95, 6887, 6896]
[7.65, 7337, 7341]
[28.2, 4429, 2024]
[45.31, 2977, 6337]
[89.15, 791, 4794]
[346.03, 4232, 2788]
[58.6, 6282, 7064]
[173.74, 6820, 4834]
[117.72, 1264, 1175]
[117.92, 1486, 1567]
[63.18, 5561, 5556]
[43.91, 4983, 2810]
[102.45, 1150, 2581]
[65.89, 5408, 3016]
[191.54, 5650, 5695]
[167.88, 5525, 5524]
[62.18, 790, 4796]
[32.08, 532, 5126]
[82.0, 4802, 4803]
[67.57, 174, 3747]
[62.27, 7336, 2250]
[28.39, 6454, 6456]
[303.97, 1853, 5765]
[28.39, 6454, 6456]
[59.67, 4793, 790]
['same']
[26.78, 4795, 791]
[281.8, 2523, 1885]
[45.31, 2977, 6337]
[13.42, 1357, 2587]
[62.18, 790, 4796]
[62.18, 790, 4796]
[101.61, 971, 980]
[136.12, 3488, 5731]
[21.5, 4745, 5505]
[56.12, 1575, 3020]
[38.65, 5511, 7457]
[58.6, 6282, 7064]
[28.39, 6454, 6456]
[58.6, 6282, 7064]
[43.91, 4983, 2810]
[181.44, 2427, 7142]
[303.97, 1853, 5765]
[62.18, 790, 4796]
[58.6, 6282, 7064]
[222.39, 1154, 221]
[28.39, 6454, 6456]
[16.47, 1847, 6867]
[224.86, 68, 228]
[89.15, 791, 4794]
[60.16, 3706, 3726]
['same']
[59.67, 4793, 790]
[1021.82, 5130, 537]
[68.29, 1912, 2861]
[334.45, 1931, 2599]
[59.84, 5434, 2149]
[325.35, 1155, 6185]
[134.2, 6144, 2624]
[23.23, 2585, 1356]
[58.54, 6325, 6337]
[71.33, 1724, 155]
[303.97, 1853, 5765]
[58.6, 6282, 7064]
[382.99, 2253, 2261]
[35.64, 2342, 2959]
[121.85, 5009, 5006]
[118.11, 1848, 3646]
[62.18, 790, 4796]
[101.78, 2153, 5373]
[89.15, 791, 4794]
[58.6, 6282, 7064]
['same']
[303.97, 1853, 5765]
[89.15, 791, 4794]
[62.85, 1156, 6188]
[162.38, 2470, 7329]
[324.03, 1153, 6185]
[248.89, 4842, 7400]
[194.5, 4395, 4389]
[321.27, 3770, 3782]
[324.74, 5027, 1634]
[28.39, 6454, 6456]
[512.86, 3270, 159]
[28.39, 6454, 6456]
[45.31, 2977, 6337]
[102.7, 6819, 7355]
[35.71, 2525, 2531]
[62.18, 790, 4796]
[263.66, 3839, 3835]
[45.31, 2977, 6337]
[34.44, 1167, 5267]
[86.34, 3346, 3143]
[79.98, 751, 451]
[90.82, 6591, 6587]
[62.18, 790, 4796]
[45.31, 2977, 6337]
[62.18, 790, 4796]
[58.6, 6282, 7064]
[58.6, 6282, 7064]
[201.23, 1062, 1065]
[62.18, 790, 4796]
[245.39, 3865, 6515]
['same']
[22.55, 6279, 6275]
[62.18, 790, 4796]
[62.18, 790, 4796]
[201.61, 1490, 1482]
[100.07, 5335, 3015]
[1158.21, 1150, 5095]
[51.27, 3368, 1167]
[110.07, 2221, 2218]
[303.97, 1853, 5765]
[58.6, 6282, 7064]
[6.09, 4314, 5699]
[25.86, 7302, 4176]
[94.2, 1159, 1158]
[58.54, 6325, 6337]
[82.4, 2475, 7567]
[26.78, 4795, 791]
[62.18, 790, 4796]
[178.02, 1666, 1604]
[78.86, 639, 648]
[28.39, 6454, 6456]
[62.48, 2495, 3955]
[82.04, 5600, 5601]
[50.84, 248, 72]
[151.36, 1205, 2866]
[28.62, 5245, 5244]
[260.59, 7563, 4463]
[303.97, 1853, 5765]
[172.34, 2847, 2855]
[122.75, 388, 1035]
[27.45, 4137, 4141]
[190.82, 6123, 6117]
[34.44, 1167, 5267]
[191.54, 5650, 5695]
[183.07, 6656, 5843]
[58.33, 7325, 7324]
[33.64, 55, 6827]
[45.31, 2977, 6337]
[16.47, 1847, 6867]
[114.02, 3029, 3028]
[97.91, 4941, 2628]
[68.0, 1418, 6603]
[32.67, 5261, 808]
[59.67, 4793, 790]
[218.74, 3887, 4857]
['same']
[92.37, 4831, 4837]
[112.53, 6442, 7837]
[58.6, 6282, 7064]
[303.97, 1853, 5765]
[58.6, 6282, 7064]
[27.7, 4788, 5375]
[28.39, 6454, 6456]
[58.54, 6325, 6337]
[20.34, 4786, 4787]
[45.31, 2977, 6337]
[21.5, 4745, 5505]
[325.35, 1155, 6185]
[1021.82, 5130, 537]
[11.72, 2626, 2678]
[62.18, 790, 4796]
[89.15, 791, 4794]
[300.16, 2623, 4533]
[860.37, 421, 454]
[245.39, 3865, 6515]
[33.64, 55, 6827]
[43.11, 3175, 3174]
[187.61, 2342, 2958]
[73.95, 6887, 6896]
[194.67, 4212, 4224]
[26.78, 4795, 791]
[28.39, 6454, 6456]
[264.49, 368, 921]
[725.94, 1667, 2385]
[103.17, 1862, 5029]
[338.53, 1952, 7107]
[59.67, 4793, 790]
[32.08, 532, 5126]
[146.91, 4264, 4231]
[58.6, 6282, 7064]
[58.6, 6282, 7064]
['same']
[41.29, 7158, 6724]
[28.39, 6454, 6456]
[89.15, 791, 4794]
[61.41, 1822, 829]
[191.54, 5650, 5695]
[28.14, 792, 5435]
[251.32, 4893, 4896]
[21.68, 42, 944]
[128.2, 4417, 2427]
[123.86, 7654, 4933]
['same']
[50.84, 248, 72]
[51.27, 3368, 1167]
[21.66, 6044, 6045]
[116.7, 5600, 3025]
[254.31, 5025, 5023]
[65.72, 6090, 4682]
[325.35, 1155, 6185]
[62.18, 790, 4796]
[58.6, 6282, 7064]
[144.59, 6738, 2270]
[55.81, 5032, 2604]
[92.0, 1900, 4576]
[62.18, 790, 4796]
[49.24, 4344, 7674]
[34.27, 6589, 6576]
[28.72, 5275, 3077]
[182.63, 6665, 5838]
[150.56, 5319, 5318]
[54.16, 1983, 1975]
[287.54, 2405, 2933]
[89.15, 791, 4794]
[28.39, 6454, 6456]
[20.34, 4786, 4787]
[58.54, 6325, 6337]
[247.07, 4797, 2759]
[34.44, 1167, 5267]
[90.91, 3095, 5466]
[129.47, 1518, 2577]
[73.95, 6887, 6896]
[68.0, 1418, 6603]
[74.38, 2173, 1590]
[61.98, 2297, 2296]
['same']
[58.54, 6325, 6337]
[84.82, 6691, 1243]
[59.06, 6133, 4394]
[28.39, 6454, 6456]
[104.92, 6711, 3183]
[58.6, 6282, 7064]
[43.28, 2718, 2721]
[26.78, 4795, 791]
[71.21, 3203, 6011]
[62.18, 790, 4796]
[28.39, 6454, 6456]
[58.6, 6282, 7064]
[303.31, 2091, 2105]
[58.6, 6282, 7064]
[131.87, 5324, 175]
[87.38, 2512, 2515]
[192.92, 1068, 2034]
['same']
[124.14, 3977, 6750]
[32.08, 532, 5126]
[28.39, 6454, 6456]
[191.54, 5650, 5695]
[62.18, 790, 4796]
[58.54, 6325, 6337]
[58.6, 6282, 7064]
[52.38, 2670, 2669]
[208.32, 333, 63]
[91.45, 2110, 2107]
[109.55, 7530, 7534]
[78.86, 639, 648]
[451.73, 2830, 1465]
[47.5, 6728, 7157]
[100.16, 4022, 7346]
[191.54, 5650, 5695]
[246.59, 7363, 7359]
[11.72, 2626, 2678]
[40.2, 2602, 1347]
[226.8, 1602, 2462]
[240.49, 1156, 6187]
[461.17, 3099, 7953]
[45.31, 2977, 6337]
[533.53, 7107, 1530]
[413.9, 7568, 1860]
[45.77, 5259, 4802]
[58.54, 6325, 6337]
[36.65, 7203, 1491]
[28.39, 6454, 6456]
[32.08, 532, 5126]
[242.56, 178, 5338]
[206.91, 1886, 2569]
[62.18, 790, 4796]
[141.87, 1323, 4987]
['same']
[62.27, 2811, 817]
[125.29, 1092, 1089]
[58.6, 6282, 7064]
[9.84, 2394, 1015]
[126.46, 5873, 6747]
[44.35, 2282, 4770]
[222.39, 1154, 221]
[58.54, 6325, 6337]
[43.91, 4983, 2810]
[58.6, 6282, 7064]
[43.91, 4983, 2810]
[134.4, 4957, 6648]
[90.82, 6591, 6587]
[54.12, 5278, 5279]
[303.97, 1853, 5765]
[386.2, 3204, 3209]
['same']
[27.45, 1925, 1927]
[62.18, 790, 4796]
[125.06, 4929, 7594]
[16.04, 168, 5429]
[147.44, 3690, 3702]
[63.0, 213, 3975]
[28.39, 6454, 6456]
[102.45, 1150, 2581]
[214.41, 5908, 2268]
[40.41, 6723, 7160]
[51.27, 3368, 1167]
[63.18, 5561, 5556]
[38.33, 1013, 1014]
[34.44, 1167, 5267]
[113.33, 282, 1038]
[21.5, 4745, 5505]
[89.15, 791, 4794]
[381.59, 1154, 93]
[23.22, 1379, 7875]
[29.79, 2151, 5375]
[99.62, 1082, 1079]
[237.21, 1747, 1727]
[89.15, 791, 4794]
[1584.88, 16, 697]
[87.82, 2642, 2658]
[74.86, 6633, 817]
[58.6, 6282, 7064]
[233.78, 1537, 1531]
[183.07, 5843, 6656]
[72.63, 7873, 1379]
[291.78, 1015, 1331]
[113.0, 4575, 801]
[156.28, 2650, 1727]
[87.15, 137, 3090]
[51.27, 3368, 1167]
[39.69, 5348, 5339]
[39.8, 7059, 7065]
[8.09, 7352, 7351]
[102.45, 1150, 2581]
[50.84, 248, 72]
[28.39, 6454, 6456]
[10.32, 4562, 116]
[62.18, 790, 4796]
[303.97, 1853, 5765]
[100.07, 5335, 3015]
[188.92, 816, 2699]
[62.18, 790, 4796]
[42.92, 7034, 6281]
[51.27, 3368, 1167]
[852.82, 94, 534]
[28.39, 6454, 6456]
[58.6, 6282, 7064]
[29.79, 2151, 5375]
[224.78, 1380, 1384]
[167.17, 2821, 2820]
[58.6, 6282, 7064]
[375.58, 179, 1853]
[44.35, 2282, 4770]
[329.43, 549, 6853]
[93.36, 3706, 3718]
[253.0, 2660, 1727]
[28.39, 6454, 6456]
[141.87, 1323, 4987]
[80.59, 4051, 4052]
[47.08, 1575, 113]
[146.72, 4162, 4174]
[60.75, 273, 562]
[58.54, 6325, 6337]
['same']
[64.37, 4398, 4399]
[58.6, 6282, 7064]
[45.31, 2977, 6337]
[194.67, 4212, 4224]
[47.08, 1575, 113]
[58.6, 6282, 7064]
[28.39, 6454, 6456]
[43.91, 4983, 2810]
['same']
[58.54, 6325, 6337]
[45.19, 3511, 3512]
[303.97, 1853, 5765]
[185.28, 1063, 1064]
[28.39, 6454, 6456]
[268.06, 1790, 1766]
[191.54, 5650, 5695]
[38.3, 502, 56]
[43.5, 3305, 6681]
[20.34, 4786, 4787]
[51.27, 3368, 1167]
[43.06, 997, 996]
[58.6, 6282, 7064]
[71.23, 4079, 4092]
[16.47, 1847, 6867]
[93.14, 6599, 6603]
[130.11, 7367, 7364]
[62.18, 790, 4796]
[686.63, 3157, 5554]
[29.7, 1878, 2554]
['same']
[45.31, 2977, 6337]
[92.0, 4576, 1900]
[102.45, 1150, 2581]
[62.18, 790, 4796]
[62.18, 790, 4796]
[45.44, 3594, 4578]
[28.39, 6454, 6456]
[127.96, 3631, 3630]
[28.39, 6454, 6456]
[58.6, 6282, 7064]
[20.34, 4786, 4787]
[45.31, 2977, 6337]
[41.57, 7316, 4556]
[18.38, 4680, 4681]
[122.75, 388, 1035]
[51.27, 3368, 1167]
[78.73, 5103, 7137]
[202.41, 5799, 4110]
[102.45, 1150, 2581]
[89.15, 791, 4794]
['same']
[45.31, 2977, 6337]
[202.41, 5799, 4110]
[1098.16, 1393, 1385]
[63.5, 5172, 3326]
[115.46, 2907, 2915]
[222.39, 1154, 221]
[111.86, 4384, 4379]
[417.37, 4825, 6827]
[58.6, 6282, 7064]
[58.6, 6282, 7064]
[28.26, 200, 4722]
[32.08, 532, 5126]
[28.39, 6454, 6456]
[59.67, 4793, 790]
[59.67, 4399, 7672]
[89.15, 791, 4794]
[62.18, 790, 4796]
[58.6, 6282, 7064]
[79.08, 790, 4794]
[62.18, 790, 4796]
[121.7, 5653, 5661]
[43.91, 4983, 2810]
['no_balanced_path']
[6.9, 2586, 1357]
[262.82, 6066, 4515]
[102.45, 1150, 2581]
